15.4066
22.9401
20.6216
24.3016
20.2934
18.8771
17.4703
21.867
18.5977
19.1084
17.0404
21.2397
18.0256
17.045
20.2655
51.928
114.666
143.174
205.425
235.932
276.922
271.141
277.858
234.831
197.686
214.822
217.695
223.421
224.371
233.173
232.134
237.468
240.324
243.894
228.071
233.464
543.716
944.417
1008.26
1101.89
1095.94
965.435
946.365
1042.61
888.911
819.724
658.793
264.433
406.686
570.057
794.743
1097.41
1155.41
1056.5
933.248
878.259
741.986
437.271
113.317
88.2168
117.786
134.616
158.466
150.544
163.243
178.899
177.132
268.882
453.128
575.437
638.602
649.336
655.674
620.193
550.625
395.749
238.812
181.889
116.445
150.912
177.267
241.725
241.091
280.896
361.972
472.986
512.175
462.839
320.952
155.047
101.372
82.6873
75.0219
62.4038
107.406
98.3464
77.2009
124.343
130.599
135.48
111.378
39.2785
26.9843
25.4709
31.0124
94.4809
128.558
164.593
657.865
687.373
356.632
239.156
167.055
94.3961
65.2249
47.7093
45.7633
47.3579
44.4905
52.7469
51.4636
73.0258
87.3024
120.678
130.902
111.714
76.6004
76.001
53.2899
31.9756
22.58
23.4295
20.846
18.5572
21.2207
26.5362
34.8668
43.3443
111.301
488.756
89.5158
33.654
267.419
514.347
740.332
793.581
774.535
728.098
675.039
652.519
737.624
732.634
554.326
532.589
482.323
401.891
352.768
409.664
360.201
301.195
110.766
37.8702
39.2248
33.3987
35.9847
33.3161
28.3295
39.6052
86.9724
35.7058
38.8921
33.5211
38.4399
42.51
53.1669
69.0385
102.456
166.541
143.865
118.238
115.425
360.352
134.722
104.419
50.8119
62.6391
46.942
45.0592
38.5075
36.9657
30.678
32.044
29.0888
24.4365
25.5585
21.6187
19.5091
21.8553
20.3046
22.5895
19.9239
15.756
19.4722
20.2707
19.7119
14.5762
20.7745
24.8559
15.1086
14.4633
13.9995
16.3905
16.221
14.8861
14.5479
15.3259
21.165
391.231
359.586
501.333
594.799
232.43
222.904
405.583
571.537
720.818
779.125
838.82
803.491
843.098
805.786
661.475
586.146
466.869
347.576
284.467
237.766
219.3
215.064
263.889
377.526
516.72
720.028
956.027
1247.32
1297.67
1052.44
781.16
564.525
453.543
396.16
370.749
292.098
158.663
84.2668
272.336
393.868
313.711
210.909
460.052
712.3
952.353
1134.8
1351.8
1615.91
1622.53
1747.91
1762.47
1688.27
1642.62
1506.84
1287.02
1051.63
840.938
666.969
608.891
587.583
393.07
220.305
221.358
219.232
200.093
239.98
245.815
445.39
660.443
639.001
536.256
362.465
210.416
148.78
139.847
124.996
104.676
74.6536
87.1792
58.2678
36.1169
20.0211
20.6977
19.958
177.823
630.011
139.915
355.081
718.307
370.322
461.065
103.171
46.9666
33.6367
28.6969
45.6892
199.059
128.891
93.4779
279.986
529.383
544.445
447.98
278.105
112.067
31.2045
22.9274
24.2017
153.162
160.514
55.1497
39.1818
228.877
357.343
328.816
223.836
126.719
141.682
143.667
124.357
127.13
134.942
142.237
115.89
108.904
112.208
91.1104
120.144
268.467
373.643
303.832
311.412
119.965
92.6873
94.6588
85.7074
67.1049
35.181
36.0073
26.9967
22.9243
23.9978
30.5874
28.8833
45.7124
160.067
264.286
134.487
158.344
148.371
114.572
107.013
117.796
126.079
128.603
142.049
163.99
126.929
69.3557
54.9654
53.4088
52.5954
48.6304
39.9044
27.4196
23.922
22.1566
20.1684
170.551
111.671
71.7799
40.8363
54.0762
156.026
188.109
206.123
113.826
61.513
116.021
173.249
118.021
44.4387
19.0045
20.3862
19.4125
19.3992
50.0387
114.541
48.8172
184.603
352.025
400.212
490.972
528.917
601.072
576.253
529.338
394.882
245.559
99.7569
85.3912
71.6659
54.9229
43.4745
40.2266
43.5048
32.6861
32.6725
23.6886
24.1369
19.875
19.1386
18.6791
12.1077
18.4351
18.805
19.1296
18.1883
18.5617
18.201
18.6952
23.1215
20.3979
24.4552
271.171
909.125
830.719
571.616
397.913
302.602
268.514
233.49
233.551
181.216
223.456
220.863
228.534
230.201
265.967
327.36
254.328
257.82
278.502
227.847
208.732
533.766
747.233
795.664
688.405
457.503
243.391
232.006
180.968
172.554
133.94
135.764
129.626
106.777
210.777
423.629
534.467
530.359
254.825
314.501
357.609
301.774
259.56
219.547
188.705
177.264
451.3
728.935
806.472
731.407
535.614
345.125
153.351
51.6729
33.1065
30.3762
36.7545
55.3861
36.6133
117.525
192.088
209.121
218.409
204.353
157.779
103.357
80.2573
74.0715
106.422
150.757
153.114
167.013
120.554
142.947
223.621
176.85
128.342
258.769
476.006
551.193
592.335
574.595
439.824
286.021
170.667
107.132
83.9052
90.9719
81.2944
105.303
123.023
158.652
189.811
246.586
283.792
113.893
56.5035
155.267
86.0231
74.2031
456.767
624.635
838.944
776.031
878.024
874.672
834.562
698.107
590.174
469.719
400.626
317.916
230.529
161.967
111.267
104.305
93.8693
98.0149
89.035
99.8136
94.4941
91.9283
85.7532
90.5825
106.555
132.234
131.142
145.128
150.47
186.981
173.8
134.446
122.96
96.3615
57.7209
51.284
89.8359
297.973
356.007
485.259
381.007
535.368
238.344
455.841
164.844
250.538
161.796
120.681
89.8775
59.2924
41.9094
34.5174
27.5781
29.2984
24.2552
25.0253
22.0734
18.6036
17.703
20.0482
19.363
19.6602
17.1355
17.1778
22.4181
18.6148
19.115
21.1396
19.1865
20.5529
20.6576
17.8115
19.1064
24.6303
31.7386
36.4931
40.5861
43.48
34.4165
41.7182
146.627
118.536
121.978
150.887
160.25
137.739
114.825
120.801
138.686
118.384
150.454
159.219
148.072
152.979
138.421
149.342
146.702
128.182
103.349
276.643
462.816
564.093
593.769
671.608
702.421
616.942
560.558
402.181
212.076
172.439
154.677
155.747
156.431
154.485
127.208
130.667
102.336
107.729
137.311
198.152
68.6483
227.003
114.528
166.458
254.64
112.134
109.264
137.202
357.425
508.567
1280.37
1294.11
1300.05
1234.67
1051.83
882.068
610.233
345.094
191.933
216.175
266.969
308.09
242.139
203.316
197.059
193.176
281.039
946.343
1109.28
979.136
530.323
151.066
55.4456
41.5504
31.7038
41.8823
95.4427
201.407
94.3126
579.045
805.033
680.365
601.727
462.985
205.272
186.231
195.703
197.518
157.233
164.169
155.908
151.014
171.901
174.159
145.989
175.036
155.824
153.918
136.396
101.602
70.4411
62.7565
54.2737
43.0423
41.2395
32.8006
27.5463
26.9948
26.6884
29.0777
28.9001
207.417
117.838
231.434
193.356
114.122
113.864
550.717
582.731
456.33
497.274
515.05
415.421
127.955
37.093
31.3366
25.7243
25.8628
25.7229
25.4322
24.2269
21.5468
101.925
101.896
144.857
245.692
506.982
624.876
664.162
511.854
310.716
198.832
129.394
146.337
107.739
84.3243
77.4809
71.5432
69.597
55.4246
62.4264
62.249
60.1126
97.0198
139.765
156.92
103.62
144.301
86.1566
94.8822
91.9847
154.747
175.402
136.789
130.404
129.704
99.8884
85.7249
81.2988
81.9324
119.538
190.026
277.209
385.948
478.21
459.125
401.423
216.685
267.441
218.894
206.264
195.436
185.607
173.33
157.911
127.613
66.4187
29.3044
20.5153
23.4767
25.12
23.2747
25.1303
20.9809
28.6253
82.2672
31.2615
35.2056
59.5944
96.7
98.3944
98.8199
116.245
97.5519
95.8145
92.8657
96.4659
97.6915
71.8898
56.9234
41.8771
34.0469
24.2295
21.4664
22.7704
20.7352
19.645
18.9324
20.4918
18.0281
18.4404
17.2073
17.867
18.3467
21.3764
23.6319
27.882
23.4726
19.239
20.9317
21.0204
25.4442
22.4219
22.6862
26.1293
30.3607
40.8211
47.2373
52.4309
164.773
436.946
419.906
589.328
669.014
682.288
645.171
533.775
388.98
298.438
268.184
230.583
262.13
258.341
242.396
222.245
202.543
225.583
189.628
187.406
266.635
328.312
437.306
565.642
655.816
687.358
598.296
566.766
365.813
271.422
188.635
134.415
169.555
108.712
94.4598
85.5891
86.8884
117.498
162.571
201.132
229.429
270.49
239.729
313.02
375.25
351.619
342.747
334.109
273.534
217.535
170.876
165.95
187.276
222.46
228.205
177.3
155.555
175.272
153.819
101.316
106.119
60.1416
33.4614
38.6944
44.6999
105.057
984.059
558.755
286.34
443.022
726.029
784.345
913.477
960.266
879.946
692.381
516.08
351.517
239.85
228.027
175.115
160.761
185.111
175.675
156.137
153.091
137.992
121.194
107.21
121.21
195.557
316.721
365.587
371.345
356.484
323.091
318.759
170.729
104.222
79.5991
62.2498
57.7105
50.1729
48.3708
56.4982
67.6197
130.546
323.719
411.593
480.953
441.95
499.887
478.622
261.027
92.1291
81.1322
69.129
93.0968
95.6068
102.225
150.766
219.493
265.366
322.983
325.494
289.148
189.307
171.233
135.084
105.244
87.8583
76.6068
59.3912
53.0741
40.8885
38.1755
54.6682
36.3369
27.2614
29.4074
25.8899
25.791
22.7165
24.5372
23.5995
21.7763
22.568
24.8796
21.8438
20.8962
12.5635
18.5402
17.4849
18.3165
18.3178
17.3061
18.1457
16.9158
18.0584
17.4014
15.99
16.7826
17.2466
148.974
366.829
145.235
81.7378
87.4028
123.08
192.338
199.241
219.765
264.537
272.752
259.571
284.293
275.476
168.25
157.649
140.402
138.119
139.825
130.339
122.999
109.631
202.001
522.383
780.497
795.327
288.994
461.792
971.171
1433.05
1570.38
1404.47
1377.16
1282.45
1369.73
1281.63
1189.05
765.81
241.817
58.6752
47.2646
38.0874
34.8992
28.2258
29.5492
27.7433
24.5229
34.4362
80.8286
95.6555
338.266
448.834
316.648
205.35
402.123
556.876
696.295
560.497
688.442
677.611
638.655
513.142
285.068
395.339
385.968
267.162
249.12
71.0791
34.6399
29.8713
25.8605
29.4829
24.4586
29.3247
118.596
104.975
166.928
58.7014
72.428
72.7584
225.955
333.564
244.866
268.094
287.446
277.283
304.262
290.983
240.72
210.937
217.515
302.08
320.01
355.376
302.508
304.854
199.807
96.6419
78.3479
75.6363
87.8774
80.031
74.7876
74.7061
80.0498
66.5067
69.9747
96.6541
76.7573
50.3994
54.3354
267.836
516.405
622.521
545.594
521.753
372.844
303.847
266.22
170.135
156.375
117.116
66.4187
34.0289
25.6551
20.4388
19.0376
19.1189
16.9834
20.3951
96.6265
87.472
189.964
128.429
54.6193
198.26
371.198
423.847
471.093
474.483
453.195
431.6
383.925
381.201
334.449
260.06
123.312
63.2491
80.206
106.846
158.983
178.36
226.662
245.425
117.37
148.28
97.1007
86.6277
76.1601
73.3343
59.7309
26.3796
21.2775
18.328
18.2354
17.5295
18.5079
19.6504
17.9318
18.7117
15.5663
18.5523
15.9539
16.1137
73.7855
74.7198
130.93
71.0938
32.5988
30.9742
25.4438
21.2879
21.2841
20.3708
20.7995
17.2917
16.3286
18.4503
15.7106
16.8682
16.2406
15.9393
15.1001
18.9556
17.3817
17.8239
17.499
16.6914
17.2732
16.8429
23.0022
29.5736
34.9771
47.0599
56.9472
108.285
659.491
1359.63
1497.45
1111.63
419.778
117.856
48.8578
37.6272
33.9701
28.8004
25.8042
192.535
279.314
94.4935
420.611
643.745
656.568
589.598
438.432
186.984
64.189
40.5151
32.4614
38.7822
82.0442
133.411
146.721
134.308
400.347
505.277
483.763
441.802
380.367
280.865
203.452
152.852
164.613
127.677
96.032
52.3677
85.4483
146.243
93.0646
109.563
67.6639
91.1652
105.671
108.888
173.964
132.624
121.807
103.065
93.4882
93.4461
95.2154
89.7278
68.3265
61.2693
51.3342
65.2102
64.7483
48.3231
50.6047
72.9322
62.2463
90.3037
88.7832
114.058
113.168
78.1203
70.2855
143.766
273.129
273.674
320.602
369.258
390.562
388.026
391.902
341.333
365.413
406.341
448.349
539.159
653.483
768.986
788.617
769.317
741.039
707.22
619.613
401.989
196.285
145.784
152.217
165.485
147.281
156.355
154.522
153.982
142.5
148.174
140.657
152.663
406.019
486.517
386.484
347.725
259.623
175.187
127.819
90.0477
95.2873
84.7849
81.1893
87.6923
86.4729
101.162
131.05
216.201
299.25
387.368
391.119
411.01
290.49
109.179
164.808
274.76
404.346
475.535
475.66
434.526
400.711
355.485
364.915
348.477
340.55
302.13
267.648
244.072
255.653
322.141
409.968
529.228
663.396
680.558
655.436
596.479
506.789
367.815
302.053
218.724
147.368
143.77
171.26
125.559
88.9976
129.029
105.514
102.647
93.4529
63.207
40.2464
53.3994
87.2203
145.965
121.764
122.478
111.28
107.501
88.7705
69.9017
53.2052
33.3076
25.8254
24.2212
23.8051
22.1191
19.0769
53.3997
257.831
146.133
173.464
350.112
310.292
224.536
101.389
96.4463
86.7663
77.7997
76.5319
66.2529
52.6076
42.3288
84.7988
130.527
78.4978
65.5474
60.2182
45.5369
40.3684
36.7314
31.6373
26.7206
23.3003
28.6146
105.161
158.386
242.006
275.193
81.8583
129.685
120.084
307.588
379.631
323.895
215.567
135.778
110.009
120.808
104.642
118.009
91.6073
93.5875
82.829
74.5372
63.0664
53.4431
54.2906
55.7025
53.6327
220.006
361.821
161.541
291.726
142.052
184.727
53.3431
42.0116
77.9548
130.438
51.2776
42.2186
63.9963
63.4558
51.3791
49.568
39.0953
36.2608
38.8247
31.6056
26.8558
28.0876
26.409
19.0477
20.4142
95.265
59.313
54.4391
70.1946
90.9226
72.384
76.7041
66.9643
61.6197
60.8036
44.8821
34.9472
33.3865
24.2504
18.2445
16.1216
18.6856
19.0061
18.2438
18.7131
17.1928
17.2883
16.3205
19.1814
15.4452
15.7608
18.9776
20.8697
20.2467
19.054
20.6826
19.1393
17.2021
16.5723
19.2278
20.8599
27.2076
32.5618
38.6105
89.7941
150.115
184.308
203.363
268.136
401.157
474.443
911.337
1170.91
1169.69
1118.38
984.89
811.33
510.356
294.924
194.962
195.312
219.333
216.928
249.758
364.092
325.981
472.164
509.628
529.533
501.718
416.357
265.411
87.8211
42.8675
42.0749
35.6523
33.4637
29.0771
164.98
236.963
266.528
103.36
180.458
447.773
557.548
532.8
388.561
201.696
63.5012
37.7547
47.1889
52.4604
62.1148
71.1212
144.362
149.956
212.843
626.732
523.363
911.043
861.544
874.442
711.471
647.561
779.219
651.878
506.26
350.777
177.288
140.547
138.79
151.82
161.499
168.693
174.195
170.576
191.22
192.682
200.52
196.207
203.063
194.722
206.218
316.162
366.323
367.003
417.908
466
471.808
469.709
431.734
357.737
230.596
119.153
65.6272
51.9836
41.9126
34.6959
30.1564
33.6536
33.7469
49.5062
88.8118
177.695
260.688
397.75
430.61
439.107
554.228
791.952
935.721
794.265
624.768
644.125
384.116
277.391
464.311
383.47
440.191
695.014
453.472
825.473
386.648
740.172
429.737
597.374
361.481
457.553
479.56
562.353
603.428
617.657
536.311
397.418
280.225
195.379
126.217
112.501
90.3676
72.3715
65.5946
57.4218
41.9141
45.4083
43.2793
41.4746
59.9409
62.8573
106.011
88.1487
100.144
112.99
96.7622
101.29
70.637
59.8815
55.3892
158.143
307.873
416.49
427.665
513.991
527.173
436.542
364.196
175.795
116.169
115.985
110.244
129.152
118.467
137.506
127.825
133.765
85.954
28.0104
21.483
26.4098
27.601
29.8602
131.506
160.016
165.864
332.759
184.556
204.942
336.295
433.995
413.109
402.217
374.137
299.924
208.135
182.145
119.243
81.9342
73.015
78.2916
92.5996
82.8165
86.9229
82.4579
94.0294
91.4489
79.6008
70.3313
63.2598
67.4612
179.506
175.883
113.146
72.4899
52.4308
28.3689
23.4289
19.6543
20.034
20.4009
20.1265
18.3426
22.2581
86.7072
82.3455
33.4483
55.3479
33.2947
33.02
49.1617
69.7397
78.1636
68.37
62.3582
61.0264
54.9819
54.4986
43.4622
41.4361
32.6287
28.2108
24.7418
18.8017
175.465
221.689
114.451
72.7857
54.2464
46.0245
49.769
71.1361
135.142
139.79
247.743
409.257
520.778
449.472
223.991
153.408
129.778
99.8038
83.6446
60.7755
52.1159
42.4008
41.5249
39.7664
33.3768
28.3854
26.7726
26.5487
29.7187
29.49
26.6429
30.414
27.6801
23.3764
20.9849
19.752
20.9762
19.9576
17.7541
21.2056
20.0089
18.4358
18.555
18.9408
10.7353
14.0855
15.9703
15.6133
15.9421
19.6058
65.7589
257.122
39.27
69.2899
169.421
451.175
521.089
922.328
801.135
895.652
969.219
842.719
736.147
665.364
583.477
620.705
656.559
774.949
1015.62
1275.49
1396.28
1335.57
1210.63
1009.42
800.87
503.104
197.375
120.618
106.437
80.6969
60.5635
48.595
139.532
93.8283
115.547
128.574
148.879
167.378
159.21
147.827
182.187
218.202
214.674
210.576
207.839
179.621
176.358
166.953
169.708
158.923
134.119
139.269
119.248
87.0104
64.871
56.1952
67.8383
75.9178
117.303
179.661
331.034
466.048
526.149
582.762
631.387
597.715
601.015
578.417
497.88
426.224
438.241
471.866
512.069
564.153
652.222
694.534
735.56
681.197
736.399
539.24
541.117
484.507
358.703
308.074
304.867
234.805
193.766
154.942
132.84
111.088
88.0794
75.3598
70.9383
67.7305
70.8626
68.1256
80.8667
96.9589
134.832
191.41
186.936
171.669
138.354
115.585
83.6705
69.3306
47.926
272.202
526.235
533.491
554.492
474.342
362.73
268.51
181.146
115.043
93.7767
70.0762
52.0296
43.0177
37.9624
25.801
27.1588
23.9107
17.8528
28.4415
43.9657
28.4826
30.2276
29.1767
27.2488
49.1636
150.31
198.167
202.293
232.849
254.637
289.152
258.656
270.57
285.307
335.123
454.128
407.358
475.06
464.479
526.673
519.27
244.21
164.244
210.483
158.954
114.07
73.5207
60.9844
49.2683
39.9453
35.9983
32.0463
24.4742
22.043
19.5759
20.4954
17.6388
16.3336
16.485
18.1042
16.9371
16.0852
10.6423
16.0925
14.6006
15.3943
15.6464
20.046
14.8163
14.6476
14.1429
14.7723
15.95
14.5359
18.2672
32.963
71.0305
74.0231
141.369
164.315
186.492
270.169
457.032
621.702
622.245
612.692
480.491
358.928
236.921
183.556
143.31
154.956
222.882
364.221
412.826
400.286
369.303
307.364
199.871
146.006
113.077
107.118
125.864
144.488
178.948
222.766
255.959
202.736
165.005
155.475
156.774
171.333
188.549
193.95
182.303
182.28
204.464
211.199
175.08
185.038
173.523
199.57
141.756
148.377
150.109
131.322
133.096
108.627
68.0187
204.283
527.583
633.279
676.016
725.27
747.804
771.947
790.383
812.393
707.05
648.316
576.759
484.806
405.485
394.359
390.277
395.893
404.412
400.988
410.928
457.619
492.693
489.13
492.292
450.018
373.401
261.795
215.262
183.29
102.42
82.6265
80.164
138.826
119.734
118.461
112.473
143.085
171.927
159.886
178.95
152.883
121.949
135.89
96.5663
62.7059
54.4083
193.548
202.938
175.288
175.035
150.695
113.907
121.795
122.144
108.826
114.711
120.287
119.646
115.459
101.967
89.7792
87.6059
90.3387
72.3211
64.0021
130.655
445.666
870.199
1130.75
1351.21
1008.25
761.586
614.798
449.564
232.006
57.2302
35.5976
36.7653
30.1827
30.3351
73.9213
91.0737
171.071
173.828
129.085
94.7269
86.8711
81.9666
93.5225
262.566
354.511
519.484
581.301
568.655
607.345
450.803
90.6093
30.9658
30.6207
23.8318
62.3821
158.736
117.607
37.634
140.959
427.999
319.401
304.504
237.758
140.859
98.6772
110.655
112.758
116.165
110.553
123.17
130.96
140.691
183.824
244.715
288.053
305.222
290.368
266.668
237.943
209.8
205.596
208.822
229.094
220.942
162.292
155.549
170.4
162.265
155.036
174.179
209.096
279.601
422.365
536.087
591.067
552.3
508.422
419.722
268.44
165.522
132.162
103.56
80.8051
55.3713
43.833
33.7124
25.4184
22.9478
20.9828
21.7498
32.323
57.1541
80.0343
68.1082
220.945
339.999
363.355
439.531
442.424
405.131
357.996
297.045
211.013
151.258
162.392
153.339
174.583
186.648
152.144
143.601
141.309
114.244
107.344
87.7448
86.5121
244.237
305.743
336.706
430.482
409.854
397.563
322.378
246.083
152.214
89.6582
87.3883
97.891
110.783
127.576
137.621
125.063
155.252
150.74
137.516
97.7789
75.0194
45.1708
188.141
433.29
421.89
413.877
409.307
378.791
365.224
334.322
268.248
159.38
62.8893
30.1121
26.824
28.1559
26.2653
29.9677
23.6642
27.9005
68.2447
75.748
93.5159
97.4133
96.0476
93.1707
81.1039
74.5799
69.8424
64.7702
60.459
52.5052
47.1952
43.1794
50.3085
114.649
225.572
283.23
273.752
261.447
242.803
336.535
370.483
398.749
447.777
481.985
504.24
472.805
346.278
131.413
126.403
139.312
161.317
155.467
128.483
91.8323
84.248
66.2163
48.0857
37.904
51.9023
56.2868
61.8368
48.0053
59.1158
61.9747
62.3317
55.9073
62.6258
60.227
60.347
58.5662
25.6225
18.6948
17.3341
19.0805
20.8032
20.6882
21.5254
21.3675
26.8899
32.1155
31.9064
27.7991
72.3297
204.148
275.813
307.814
246.055
183.26
140.442
133.06
129.848
132.285
156.127
305.422
304.425
372.494
540.65
555.187
487.904
480.055
454.629
316.956
238.235
214.182
208.522
173.236
136.328
97.6251
65.8265
103.585
111.229
98.9002
91.7231
95.4146
84.049
87.4401
285.727
339.828
390.064
473.489
477.017
468.412
469.875
548.042
728.475
881.009
1097.14
1196.48
1123.83
726.475
308.43
122.343
128.552
133.173
112.173
102.613
84.595
59.3921
47.4162
76.3912
74.1028
112.29
163.265
180.871
184.414
206.896
205.106
137.84
94.3702
40.5019
30.6883
30.4004
47.3509
79.3706
251.521
520.089
584.488
680.438
570.131
458.974
251.545
276.181
713.209
1272.24
1695.3
1768.63
1708.68
1547.91
1427.86
1135.04
761.946
639.907
582.374
511.849
358.016
125.873
48.9546
42.2271
35.7003
32.8103
35.3559
115.429
171.625
101.321
608.273
843.409
872.635
612.62
312.77
91.5326
110.025
84.7221
42.2815
36.6065
29.3347
67.3979
57.1307
178.339
148.793
84.2189
325.35
644.951
734.205
629.543
292.526
174.482
207.742
223.619
217.945
306.974
387.075
735.296
911.821
1135.53
1276.79
1279.81
1151
819.827
537.028
98.3991
49.7764
47.9284
41.1752
34.2402
55.8367
161.914
228.662
241.541
497
661.566
668.264
509.024
199.173
73.3574
47.6954
42.3446
35.2929
37.8783
35.7223
36.6072
43.6332
39.8045
43.7006
89.8295
313.119
259.257
521.678
550.544
637.256
630.483
590.469
339.311
122.713
50.0689
34.0093
57.1096
35.3456
26.2712
25.6504
27.5089
98.1332
98.8411
40.4624
35.647
31.8404
41.3262
113.441
134.841
129.305
98.3827
112.539
103.595
110.71
119.223
140.445
125.437
112.114
109.424
102.475
98.9566
99.033
148.758
388.392
603.539
627.238
550.519
481.708
484.374
651.815
625.545
461.741
219.31
358.5
474.075
634.069
697.41
679.489
602.54
441.247
346.99
279.28
175.738
141.929
129.631
129.514
112.063
139.699
169.746
185.921
159.375
116.645
94.4484
150.73
344.08
397.511
440.439
495.454
465.156
274.916
76.7044
50.9895
322.696
282.361
61.8629
74.3618
156.007
301.185
464.072
616.534
672.479
695.223
594.054
537.266
483.499
443.961
395.537
333.138
277.265
165.419
179.635
79.7347
126.524
60.5287
93.4633
49.9713
58.4052
48.5046
42.6388
40.5454
33.0336
28.7766
25.0539
25.7417
22.5429
34.7877
97.7701
23.8575
22.6523
20.8114
18.9336
19.0103
20.6849
20.8216
20.166
18.0987
11.5904
15.8261
14.7894
15.901
16.0522
13.3018
14.9171
13.276
13.4852
13.7537
18.0957
32.9619
105.129
137.599
148.862
178.678
189.459
181.404
168.323
163.058
148.071
162.15
162.996
161.064
148.021
138.348
146.28
244.755
162.192
157.851
179.177
171.557
145.679
178.825
142.717
173.608
178.272
159.852
185.777
162.677
126.425
104.316
111.273
356.218
580.261
825.798
1086.61
1407.3
1796.7
1734.16
1564.34
1182.48
752.619
331.028
100.63
89.7907
101.551
67.9592
51.2664
45.2933
42.8495
36.0468
31.4308
134.37
297.574
495.356
715.045
650.177
552.168
448.594
571.639
737.35
865.908
938.685
925.478
689.255
512.502
359.811
154.461
50.6694
29.1068
25.8548
33.0826
47.2708
28.8339
31.6578
26.6084
25.1995
71.7748
212.051
143.425
109.373
180.862
168.946
178.646
175.723
198.931
217.271
192.011
127.827
99.5466
116.481
113.403
123.457
126.304
178.847
274.901
262.188
268.049
265.948
277.414
277.493
132.082
70.0576
62.3032
79.7514
94.7385
100.779
102.957
115.996
110.359
108.173
101.769
72.4544
50.7969
253.754
337.625
357.948
354.258
322.873
356.211
397.444
477.47
567.731
595.404
612.787
580.982
563.38
506.106
410.067
330.908
255.377
192.137
152.158
230.326
177.966
142.581
82.0103
108.836
123.394
119.812
139.323
145.893
170.923
152.874
114.763
130.467
129.222
135.646
148.495
142.532
148.901
146.104
145.239
149.231
171.203
184.816
189.48
252.191
296.248
336.829
357.593
349.013
405.554
508.001
333.701
379.432
146.272
206.331
101.186
63.2143
43.774
29.1443
26.1544
21.0353
17.7134
16.4846
15.397
15.9133
15.8001
13.8381
16.6601
14.2759
17.0924
15.2217
13.609
20.6421
20.8809
21.38
20.5845
18.5041
19.4693
21.1335
20.3251
17.1601
18.5923
17.6613
54.0835
176.705
56.2393
43.7212
79.8395
509.658
622.319
337.207
239.091
228.154
170.906
160.057
152.417
164.286
171.62
144.207
125.696
98.7612
200.29
363.302
432.805
452.005
458.636
395.4
311.267
257.101
154.554
112.156
104.895
105.724
97.3789
90.824
82.3715
83.2796
70.0862
61.8015
210.665
198.186
230.404
351.125
510.721
651.751
766.107
816.268
887.798
897.279
820.675
705.972
592.921
394.161
187.82
71.5785
42.0709
40.151
32.7376
35.5872
93.7189
218.171
355.498
423.614
411.379
357.097
315.698
247.223
184.78
150.95
146.987
121.069
116.805
85.509
63.1497
43.1103
35.4057
25.9288
27.3197
225.763
212.257
135.583
250.184
508.715
519.648
456.936
325.4
176.961
112.313
117.599
121.773
136.267
133.596
143.412
151.787
179.945
282.229
353.207
422.416
466.081
503.567
545.182
602.095
587.128
568.476
479.348
468.122
546.84
548.225
573.39
617.655
634.878
705.488
642.464
693.104
601.069
628.036
767.097
899.983
800.368
683.168
384.105
138.521
104.55
90.4961
74.9054
64.3358
58.2807
52.6156
49.9174
40.5196
39.028
31.1119
25.9723
22.0679
21.2364
23.8241
20.0447
37.4992
93.77
430.129
669.07
931.795
891.79
1099.22
958.601
667.604
328.599
66.7129
41.0877
34.2787
31.0219
31.7232
31.6363
100.405
98.2425
140.767
187.787
215.445
113.285
85.0411
59.1487
38.0361
35.961
34.8727
43.8302
47.2634
48.2688
80.7758
162.58
211.433
237.522
280.14
268.029
171.977
147.656
171.873
186.124
154.582
170.235
201.003
190.234
163.918
146.069
118.466
119.807
333.563
385.788
416.618
476.55
490.959
364.855
329.382
301.769
173.034
63.5965
50.9814
44.6353
45.4187
46.9669
44.1999
36.5363
38.386
107.325
214.088
262.408
257.555
218.437
213.372
180.665
130.995
130.07
223.784
233.782
343.094
220.939
246.713
153.097
116.403
99.6547
96.3674
99.2037
106.477
64.4742
55.553
47.1402
69.9894
77.5811
88.8496
106.041
100.066
100.492
92.4867
95.1733
107.612
111.241
124.759
129.989
108.104
87.4115
65.0826
52.5733
40.9101
38.6066
33.2955
30.1919
23.919
23.9742
22.7253
24.3775
21.8544
21.0452
13.6991
18.1145
19.7578
21.829
20.7697
22.86
19.306
18.9791
19.1763
22.4359
20.0109
19.8348
18.6356
19.4862
21.6686
22.1652
23.185
21.7431
24.6062
20.2988
20.8898
26.4225
21.9792
38.2752
43.02
34.2398
24.4239
30.9751
213.641
467.151
458.783
543.47
524.013
505.045
466.453
368.565
248.064
125.522
54.5895
35.5417
32.4121
26.8533
29.4639
26.1357
242.081
435.212
135.693
680.206
893.744
900.272
992.192
1022.6
999.879
976.204
861.032
809.991
704.024
548.658
440.866
297.726
201.481
144.149
142.382
146.665
131.847
144.001
209.177
432.482
687.962
798.789
559.217
346.72
559.233
790.032
942.152
878.214
728.135
501.278
242.61
136.28
121.792
139.683
128.589
127.702
113.148
100.873
82.4625
74.9796
80.3561
218.157
471.213
598.528
752.153
757.78
590.405
331.938
100.867
97.5103
83.1459
113.337
133.02
147.312
154.629
174.941
183.664
167.282
189.421
210
360.568
747.021
748.416
658.772
509.496
299.269
137.55
104.059
86.1054
76.2789
64.3422
49.9701
57.648
138.684
79.1889
110.021
125.102
134.459
128.309
107.466
106.1
261.512
482.074
610.738
608.662
614.671
600.839
763.212
796.201
784.714
694.989
740.514
806.125
827.489
715.329
511.072
411.898
363.933
336.335
242.641
204.395
150.072
140.98
134.812
142.026
139.454
126.969
112.713
64.447
59.0503
322.661
450.539
372.848
415.125
264.227
183.125
164.624
149.912
132.066
111.483
96.9533
82.1705
61.662
47.8056
35.2701
31.7556
27.0456
84.4004
308.772
183.834
159.863
151.895
280.181
119.812
273.14
579.63
668.323
650.371
614.088
571.181
530.881
476.41
398.626
333.441
274.47
201.447
78.9138
62.7178
70.2273
63.3667
67.951
58.9503
65.3278
92.1567
134.207
107.537
104.021
97.4326
99.9424
108.826
83.0187
69.9875
57.7276
65.4943
70.6716
94.6709
94.3159
105.786
111.096
95.3805
111.559
108.597
110.077
98.0421
82.6719
82.7229
76.889
66.1554
42.103
32.469
28.5393
28.4991
26.4243
23.6976
25.1221
24.8418
22.8407
23.6944
24.4524
23.0473
20.4449
21.6066
16.3385
16.6718
18.0816
20.5485
18.764
18.601
17.956
17.2661
21.6571
25.1276
35.2247
46.8361
61.5878
85.3652
94.1758
93.7359
91.3097
88.3069
214.858
393.054
347.926
404.697
367.061
246.302
162.548
166.353
146.683
155.139
153.376
167.312
147.93
145.549
134.415
151.983
147.158
90.0845
94.9792
586.359
686.742
853.338
1124.32
1555.49
1606.96
1783.56
1857.4
1678.33
1606.36
1564.98
1546.35
1578.61
1565.25
1375.9
1055.63
710.42
314.28
235.66
193.147
152.492
123.99
99.7664
79.7968
78.2301
56.6408
47.2883
35.1325
135.606
100.841
103.027
119.505
134.382
135.245
114.694
102.366
68.8658
49.5763
42.2871
27.3434
22.7751
22.6271
22.3532
20.2166
18.6685
18.6704
18.7084
20.4018
24.808
23.7956
56.0876
165.546
170.289
186.749
168.636
153.38
137.731
140.097
138.09
128.694
121.553
126.247
119.484
93.7644
89.4738
90.1197
104.832
108.322
112.623
145.482
355.494
605.834
669.135
756.131
787.598
858.139
857.309
835.977
801.729
752.721
666.277
516.322
380.993
230.298
179.246
139.442
94.9162
83.0817
70.2738
86.8595
110.619
94.2378
84.8373
78.8684
62.2914
69.2088
56.0904
57.3406
50.1303
33.2011
18.9237
19.1181
20.7312
18.618
19.9763
19.3456
19.7288
16.8697
18.5941
33.1153
65.5047
42.0279
48.6129
219.324
391.767
251.282
158.389
94.7571
64.806
55.6299
50.672
49.5456
60.1502
82.1778
137.739
211.52
361.493
565.648
671.089
720.424
674.563
449.523
113.634
42.9011
40.0695
36.1615
33.4304
39.3619
34.7931
30.8814
29.1157
30.2051
64.2683
201.332
278.354
279.348
475.756
455.627
526.557
543.466
503.784
504.856
487.099
480.292
452.922
445.359
431.89
455.466
517.393
552.297
556.589
559.438
490.867
375.413
361.033
250.111
239.283
254.617
161.821
119.452
129.787
71.0622
45.4633
55.9645
62.7043
71.4976
63.6742
53.6266
54.5069
56.3509
55.5587
49.9028
61.6894
60.8155
71.3721
53.5476
41.7768
33.9633
30.0735
25.5307
25.2369
21.9414
20.3362
20.1141
18.8515
20.347
20.3848
17.9725
20.1257
30.5791
32.5067
44.5243
70.6506
96.1831
158.418
206.999
180.751
134.438
1074.43
1231.11
1171.43
1152.23
1122.4
1069.78
941.408
895.841
927.936
1040.99
1225.6
1354.7
1339.29
1176.44
839.062
562.124
373.96
223.938
213.308
183.446
176
163.382
140.054
224.149
567.157
814.391
922.236
670.42
251.876
396.323
610.161
950.531
1091.02
1095.62
974.251
723.343
455.021
223.384
178.282
139.27
105.087
85.6245
68.0824
50.157
72.6217
145.173
72.6539
98.0488
108.774
124.683
109.518
72.6088
51.7799
61.2913
220.385
639.25
674.454
1063.65
1071.31
1177.88
1219.52
1144.86
1059.04
891.128
377.063
74.2698
44.9417
34.2965
32.6479
31.5124
67.7598
101.095
435.147
723.595
895.393
838.73
992.862
787.616
624.729
375.789
67.5325
42.9184
44.6885
38.4854
104.049
96.1791
95.1611
126.027
136.101
169.988
165.219
247.613
335.61
442.656
493.532
460.02
329.45
188.686
285.16
453.236
593.253
634.332
648.18
548.816
536.325
496.066
323.209
174.785
156.941
124.522
107.761
78.5978
50.5508
34.304
31.0999
110.679
295.041
170.746
76.6381
84.4011
460.395
470.645
484.005
368.302
230.34
62.6067
33.6209
27.4543
26.6425
27.2791
109.267
393.098
343.854
96.5026
651.939
636.099
576.446
544.547
450.614
386.58
399.184
369.45
328.027
277.093
291.399
247.258
184.192
90.953
45.9821
72.5928
64.9751
70.0619
262.675
284.48
367.469
412.67
328.355
314.37
332.497
282.975
313.353
335.354
356.946
309.507
315.893
423.221
508.264
538.326
248.096
275.318
228.159
225.303
199.211
169.053
114.946
69.956
85.1074
69.865
48.2925
42.4553
41.1541
34.9637
29.9296
23.8383
21.7309
20.8077
19.9732
20.6357
20.6768
22.0002
18.2608
18.2491
19.2269
21.8121
18.2463
29.4671
17.0964
19.764
19.1193
18.7461
38.7612
20.4058
15.9591
19.8676
18.4857
17.344
19.7949
41.3901
120.447
185.228
318.571
340.845
571.045
823.816
815.076
954.258
966.793
699.815
530.71
343.446
191.839
154.575
164.482
194.224
145.055
156.603
168.414
154.608
132.214
202.618
584.556
649.2
779.051
701.642
539.583
452.011
379.574
312.741
266.23
298.665
296.178
137.682
36.4681
32.9245
32.7741
75.9563
175.259
70.0547
113.588
197.824
248.957
263.85
277.502
271.61
281.903
259.768
286.992
339.503
612.783
585.983
576.05
622.287
632.772
515.686
528.567
491.701
386.454
255.274
206.799
161.333
160.499
132.661
150.915
175.196
136.048
152.921
115.927
155.042
175.233
223.265
246.215
237.68
194.255
171.887
151.817
150.931
113.841
33.2865
24.1433
22.9709
22.701
22.4982
24.0834
25.8149
131.972
167.858
146.112
500.324
625.088
628.271
648.62
606.367
536.436
386.498
174.342
81.2669
97.4432
44.6091
25.08
51.4769
74.4587
55.5443
67.229
76.5449
135.392
301.447
331.425
385.587
455.783
472.804
498.591
549.903
516.568
472.003
220.84
43.8998
34.2537
33.1046
27.3963
25.4826
25.1146
37.1895
49.3715
52.6123
68.6571
208.614
119.617
57.5906
144.54
327.294
514.246
579.558
528.207
499.652
530.08
475.18
490.86
431.308
348.514
197.303
113.454
97.1278
99.7568
97.4067
102.169
93.5348
124.358
175.477
187.706
171.442
146.099
134.761
105.979
106.785
101.965
94.1555
51.2835
49.5077
65.0238
69.8738
67.0161
70.7971
56.4041
71.4687
76.7259
74.9327
72.1408
76.3904
76.676
73.9698
69.9244
93.0285
53.8518
48.3876
36.4479
36.8163
32.1767
29.2563
26.0012
22.9511
21.1993
21.778
21.2798
19.2293
18.3132
525.599
565.195
371.448
195.55
163.057
137.377
131.557
102.451
74.7237
47.8272
37.2873
528.831
363.941
397.206
310.055
289.711
505.415
605.188
639.011
730.14
608.843
557.849
437.459
282.445
183.71
138.576
170.448
207.011
226.554
283.61
350.307
466.867
475.012
522.785
504.519
511.936
486.785
455.23
454.121
432.785
393.627
424.243
458.86
464.174
445.771
365.328
350.495
410.279
463.957
529.221
607.688
577.64
617.693
612.731
617.364
581.409
557.049
285.585
197.6
179.152
192.313
177.651
158.03
138.531
114.235
92.0246
70.1516
48.7975
92.4902
221.992
174.532
304.252
495.24
225.421
144.411
226.172
397.795
534.258
584.833
648.17
562.387
524.361
442.749
262.252
156.564
188.128
172.734
198.599
217.094
414.642
521.22
556.787
572.845
439.645
231.852
100.976
53.7068
37.8931
32.8119
31.7596
157.845
352.52
112.149
183.472
595.747
513.114
478.338
256.971
82.2452
37.883
35.0564
34.9281
33.6328
30.4276
30.4915
38.1002
37.9608
71.7802
161.718
120.28
202.338
126.127
103.927
102.315
172.065
505.912
502.566
481.156
192.421
179.742
152.272
218.162
113.639
93.6472
89.2199
90.9392
76.0853
62.4016
38.7089
26.0464
24.7038
23.8458
22.9231
19.5158
20.4848
23.2587
20.0704
21.6572
23.4611
237.849
116.123
93.0268
57.4929
45.8873
38.5809
32.442
26.149
23.9184
26.8694
21.4138
21.6993
22.2775
19.4638
19.7973
21.2771
14.7605
19.5568
16.6116
18.3099
20.0848
19.9618
19.7926
20.1723
32.9775
234.723
748.622
653.741
733.494
857.834
990.116
1137.18
1088.5
948.69
777.616
562.185
447.921
356.622
297.333
244.356
223.292
216.651
197.975
210.076
211.491
227.425
283.984
411.041
597.571
785.135
886.682
962.503
964.7
946.489
930.973
918.051
888.906
816.558
612.024
335.891
217.513
140.28
147.272
154.193
101.635
110.448
124.651
136.44
133.922
151.269
358.512
430.441
596.485
635.955
627.266
681.072
698.786
737.342
757.275
700.967
606.007
474.629
354.748
256.662
148.261
132.581
126.37
118.453
124.128
151.604
147.91
150.114
142.433
81.3505
49.5463
71.8685
163.966
135.831
134.395
141.099
140.843
122.124
109.868
81.295
44.3979
30.7786
24.4706
38.2991
184.001
74.7868
245.496
465.688
481.635
431.21
280.747
156.2
124.149
116.463
110.8
113.513
112.564
91.9397
97.5156
69.049
57.8531
229.122
333.503
352.488
291.029
193.04
84.5899
36.8338
28.0204
25.5446
23.5644
19.4983
21.3114
36.4004
73.6856
28.3375
196.85
656.45
525.472
555.448
318.131
133.406
128.57
142.721
120.375
121.474
123.012
113.098
90.519
107.087
109.324
77.496
59.8753
74.2038
60.3037
55.524
44.1913
34.3875
28.5995
33.5907
83.0587
114.091
142.238
176.001
212.94
269.138
258.506
206.726
143.948
97.8145
90.2009
109.833
139.545
151.165
167.527
200.758
223.676
153.698
154.299
140.758
72.9436
48.833
79.5253
138.378
167.6
181.374
202.882
194.36
149.933
124.05
144.369
162.541
202.824
278.816
373.372
442.084
444.339
469.753
442.072
404.55
394.58
394.729
396.629
306.755
230.269
107.534
150.966
101.348
93.8885
88.3176
75.7673
79.4165
79.4876
59.5689
46.8974
42.6793
37.7086
12.0892
17.6771
18.3723
17.2594
34.6308
81.2476
161.469
179.818
217.449
254.189
299.984
173.722
182.006
227.468
396.78
353.159
529.923
649.553
770.974
787.132
775.634
725.497
514.721
332.694
238.669
143.778
63.2453
53.6439
44.6068
56.8117
219.865
417.278
478.873
576.449
686.036
770.044
868.515
770.62
464.679
215.458
194.577
174.051
184.231
194.744
193.259
184.078
195.751
197.422
122.295
80.7536
50.602
41.4803
35.8831
36.2644
153.4
320.602
538.614
619.932
735.986
788.389
552.451
271.905
302.112
336.529
188.622
50.88
39.6468
33.8106
31.6773
31.3338
26.3448
31.9947
27.145
34.6461
59.9431
98.7653
178.65
228.472
277.157
160.818
48.5234
31.6089
31.9747
195.237
231.961
195.3
84.6694
57.5498
487.065
576.105
754.899
618.591
598.271
451.434
309.68
184.364
150.679
134.045
103.422
81.1796
48.4469
94.5666
117.873
93.2676
120.811
133.541
146.525
131.266
285.192
408.69
536.42
600.656
545.297
552.922
505.46
571.924
629.76
686.868
832.146
917.111
996.096
981.973
880.283
749.291
520.74
315.413
129.361
120.167
111.743
100.53
69.5589
40.6535
30.7625
28.1758
27.917
194.704
276.245
262.602
855.839
819.605
840.279
771.088
646.732
535.239
249.683
380.404
508.474
387.855
206.476
102.452
93.3094
99.6209
136.876
219.121
340.703
426.171
500.729
601.865
631.747
593.722
525.335
307.603
166.812
143.898
137.97
141.498
141.96
225.789
245.963
280.448
339.58
376.292
461.817
549.882
669.911
739.062
818.778
812.39
876.105
943.84
834.642
567.497
538.771
546.468
784.999
616.788
832.62
1096.23
1094.42
867.371
691.712
495.017
342.989
244.7
196.768
179.316
157.567
161.286
132.933
121.793
119.535
114.336
99.299
108.321
141.971
189.45
220.436
312.64
418.954
561.488
653.771
679.739
601.762
425.842
272.149
164.526
119.927
105.161
186.937
176.634
172.195
164.144
168.998
146.398
142.283
133.66
114.519
77.3415
55.4885
80.5666
152.028
112.191
98.127
81.7923
86.6853
74.4849
103.869
190.622
266.828
344.366
421.402
501.081
590.362
656.393
729.622
630.093
693.756
604.733
537.538
484.562
361.856
98.8363
39.8847
30.9422
29.2313
44.2221
205.707
123.64
68.1212
62.3242
57.762
174.304
293.187
293.636
197.04
104.73
169.33
52.2751
44.4567
38.5938
44.6889
51.1493
54.5451
60.9576
71.1275
67.8177
75.5046
78.7124
79.22
74.0869
67.4922
58.823
51.2114
41.4091
37.7824
33.6257
34.307
32.6993
25.614
20.4469
21.4902
22.1837
17.8385
22.1222
17.4209
