-0.452633
-0.652063
-0.732743
-0.576775
-0.577804
-0.693741
-0.757996
-0.553407
-0.58663
-0.669415
-0.514463
-0.552084
-0.618228
-0.714427
-0.648586
-1.90855
-1.98764
-1.95052
-2.14695
-2.11743
-1.9554
-1.9353
-1.84569
-1.94347
-1.94014
-1.83731
-1.90718
-1.81905
-1.83634
-1.92111
-1.9854
-1.94577
-1.96607
-1.87628
-1.92741
-1.8775
-1.4348
-1.54092
-1.37779
-1.2585
-1.21596
-1.41018
-1.38354
-1.13344
-1.24911
-1.17445
-1.0427
-0.789807
-0.513904
-0.753313
-0.551285
-0.0393328
0.0909449
0.0487111
-0.116708
-0.199994
-0.418322
-0.861091
-1.20117
-1.35766
-1.50813
-1.66992
-1.6643
-1.76429
-1.74886
-1.73442
-1.72684
-1.56621
-1.6052
-1.57048
-1.40774
-1.30565
-1.23102
-1.09766
-0.95439
-0.769552
-0.623728
-0.241368
-0.310435
-0.33073
-0.40313
-0.386066
-0.725488
-0.906821
-0.890657
-0.870653
-1.01475
-1.23133
-1.45514
-1.77138
-1.84795
-2.00048
-2.01379
-1.89132
-1.08713
-0.951975
-0.728468
0.311961
-0.0271868
0.352851
0.306287
-0.448526
-0.469891
-0.762807
-0.943164
-1.89589
-2.11766
-1.8852
-0.560789
-0.857252
-1.57796
-1.85902
-1.85764
-1.96545
-1.71664
-1.31934
-1.2392
-0.619468
-0.151667
-0.00458794
0.452669
0.867997
0.960251
1.42145
1.04964
0.702025
0.658096
0.0729934
0.0046235
-0.431247
-0.630054
-0.338015
-0.610516
-0.612432
-0.7353
-0.695103
-0.594908
-0.987545
-1.20179
-1.14016
-1.27347
-1.42587
-0.149124
-0.680716
-1.1276
-1.0577
-1.13292
-1.20861
-1.29083
-1.27283
-1.01649
-1.06047
-1.45675
-1.5366
-1.73048
-1.8525
-1.92123
-1.9276
-2.04386
-2.04896
-1.87552
-1.79953
-1.64555
-1.67662
-1.64922
-1.62721
-1.46022
-0.89456
-0.240986
-0.931303
-1.10511
-1.2674
-1.18863
-1.21994
-1.62985
-1.86341
-1.81248
-1.8161
-1.94908
-1.51126
-1.91655
-2.16457
-1.65644
-1.38378
-1.59037
-2.17443
-1.93515
-1.91615
-1.76616
-1.57292
-1.56916
-1.32718
-1.3517
-1.18488
-1.05954
-0.798883
-0.67816
-0.508624
-0.555351
-0.722114
-0.617895
-0.439123
-0.560719
-0.606696
-0.450594
-0.676215
0.191544
-0.0349025
-0.659329
-0.48536
-0.680114
-0.647722
-0.722941
-0.648011
-0.469808
-0.263786
-0.530445
-0.33849
-0.258326
-1.27923
-1.18332
-1.10002
-0.745546
-0.989341
-1.3287
-1.33033
-1.34137
-1.29733
-1.39366
-1.25651
-1.21992
-1.2636
-1.22331
-1.14359
-1.14867
-1.15928
-1.15072
-1.06423
-1.03312
-0.83202
-0.503895
-0.429737
-0.347016
-0.355644
-0.415998
-0.619942
-0.830789
-1.05245
-1.16966
-1.2067
-1.23129
-1.50312
-2.13446
-2.31086
-1.59276
-1.39836
-1.85755
-2.10994
-1.50063
-1.69078
-1.79703
-1.47458
-1.25162
-1.13674
-0.949314
-1.01201
-0.899661
-0.912501
-1.00542
-1.04736
-1.16314
-1.33317
-1.50803
-1.44083
-1.4037
-1.36337
-1.34645
-1.58697
-1.64893
-1.65723
-1.69136
-1.77157
-1.65026
-1.7346
-1.46579
-1.1767
-1.18968
-1.34924
-1.55912
-1.50848
-1.73046
-1.80618
-1.83448
-1.80539
-1.91509
-1.83186
-1.86231
-1.43957
-1.05993
-1.09599
-0.96951
-0.481776
-0.330612
-0.244243
-1.62119
-1.41115
-1.75503
-2.22264
-2.26247
-1.77069
-1.55347
-1.60251
-1.1351
-0.72721
-1.02011
-1.34622
-1.65761
-1.18583
-1.14045
-1.19145
-1.37025
-1.38416
-1.47705
-1.32901
-1.21837
-0.661299
-0.708474
-0.783016
-1.1824
-1.62631
-1.53876
-1.68498
-1.36364
-1.22718
-0.214486
0.421665
0.619824
0.851105
1.15051
1.09638
1.08879
0.84651
0.734832
0.406873
-1.01263
-0.806056
-0.816891
-1.10745
-0.925427
-1.14032
-0.338949
0.214232
0.465026
0.0933053
-0.156044
-0.439142
-0.273551
-0.227004
-0.266213
-0.937268
-0.601305
-0.805504
-1.913
-2.22329
-2.41452
-2.2728
-1.7481
-1.83437
-1.88343
-1.63942
-1.32899
-1.06678
-0.90179
-0.803377
-1.38552
-1.83726
-2.07366
-1.91087
-1.76563
-1.76582
-1.74652
-1.58747
-1.4533
-1.33866
-1.14554
-0.965544
-0.973618
-0.716105
-1.19365
-1.90811
-1.90005
-1.9946
-2.20258
-2.26659
-1.9326
-1.44033
-1.49172
-1.26991
-0.999173
-1.18393
-0.998807
-1.02481
-1.11133
-0.948341
-1.23334
-1.11262
-1.59256
-1.82911
-1.97873
-1.7583
-1.77485
-1.6147
-1.6511
-1.70155
-1.83819
-1.93964
-1.72864
-1.73956
-1.76176
-1.89178
-1.89876
-1.99994
-1.89822
-1.76236
-1.57022
-1.4894
-1.3356
-1.31338
-1.30814
-1.32939
-0.407122
-0.441811
-0.611942
-0.552975
-0.389885
-0.533802
-0.47184
-0.651631
-0.783565
-0.763321
-0.472882
-0.369018
-0.698311
-1.00494
-1.05816
-1.14128
-0.990572
-0.481732
-0.138741
-0.114472
0.250715
0.340074
0.448943
0.362082
0.288522
0.230548
-0.0598818
0.00812253
-0.0126799
-0.0661674
-0.253743
-1.15029
-1.87578
-1.83134
-1.83725
-1.86435
-1.93284
-1.89114
-0.721051
-0.0403905
0.248103
0.622303
0.670561
0.586204
0.0561841
-0.915427
-1.12261
-1.25751
-0.992795
-1.34671
-1.63696
-1.65873
-1.7794
-1.74807
-1.73144
-1.78867
-1.82037
-1.76372
-1.91646
-1.8476
-1.73854
-1.80389
-1.73962
-1.70588
-1.92593
-1.43314
-1.16352
-1.36611
-1.43182
-1.79269
-2.20439
-2.26279
-2.19735
-2.03739
-1.97783
-1.9916
-2.13747
-1.87532
-1.62518
-0.725636
-0.337993
-0.0420418
0.0746761
0.206842
0.0998237
0.192658
-0.321169
-0.385589
-0.680043
-0.753724
-0.794824
-0.841548
-0.808645
-1.03796
-1.29294
-1.49595
-1.65305
-1.95621
-1.91031
-2.10839
-1.98516
-1.85122
-1.79217
-1.73948
-1.67322
-1.67326
-1.45582
-0.969269
-0.228446
-0.685119
-1.82247
-1.70917
-1.74284
-1.50817
-1.73077
-1.534
-1.42463
-1.25241
-1.11171
-0.790159
-0.397365
-0.120764
0.0314915
-0.0563323
-0.415542
-0.822037
-0.939786
-0.941945
-1.03359
-1.19674
-1.14126
-1.16317
-1.19166
-1.06187
-0.609696
-0.0474657
0.491209
0.760929
0.737049
0.902973
0.94624
1.01023
0.970156
0.710081
0.207654
-0.267947
-0.906597
-1.6876
-1.83747
-1.77082
-1.5759
-1.59678
-1.75457
-1.97386
-2.05437
-2.17592
-2.23463
-2.46629
-2.22234
-2.19434
-2.03299
-2.01043
-1.5983
-1.33506
-1.43047
-1.32144
-1.23325
-0.966814
-0.715304
-0.772379
-0.718055
-0.605281
-0.500861
-0.731917
-0.520601
-0.709531
-0.753055
-0.592025
-0.431703
-0.717789
-0.616974
-0.591307
-0.708324
-1.06184
-1.37425
-1.72175
-1.57799
-1.54342
-1.69492
-1.71457
-1.32459
-0.940429
-0.998367
-0.839539
-0.840981
-0.853262
-0.781615
-0.754237
-0.495271
-0.419537
-0.0507394
0.210877
0.439419
0.668073
0.37531
0.539658
0.537346
0.50256
0.118392
-0.553004
-1.25989
-1.56717
-1.54377
-1.67672
-1.57764
-1.48411
-1.53878
-1.49703
-1.61754
-1.94348
-2.00272
-2.03928
-2.07271
-2.07226
-1.92729
-2.04843
-1.9918
-2.08087
-1.97263
-1.16722
-0.261134
-0.733333
-0.0227321
0.135634
-0.262419
-0.456458
-0.396913
-0.175417
0.0846551
-0.263647
-0.95244
-1.18166
-1.39798
-1.54045
-1.67147
-1.87483
-1.91681
-2.0002
-1.86729
-1.13562
-0.247108
0.239159
0.297835
0.0766049
0.36418
0.567124
0.304025
-1.08634
-0.490224
-0.0521238
0.041801
-0.0895612
-0.485878
-1.19151
-1.0941
-0.94316
-0.635989
-0.432037
-0.728186
-0.790535
-1.39665
-1.66831
-1.92926
-1.99777
-1.91311
-2.20543
-2.0753
-1.93437
-1.94968
-2.00762
-1.94367
-1.92445
-1.89764
-1.8265
-1.90224
-2.04056
-1.78511
-1.91943
-1.78534
-1.87372
-1.92638
-1.71046
-1.73444
-1.59387
-1.5881
-1.63167
-1.61259
-1.49213
-1.5707
-1.1946
-1.37826
-1.00335
0.398113
0.330876
-0.00850838
-0.0581657
-0.270365
-0.759391
-0.513658
-0.847723
-1.49274
-1.34142
-1.18186
-0.889483
-0.788345
-1.08935
-0.970825
-0.972064
-0.928987
-0.994548
-0.916598
-1.01281
-0.84643
-0.388482
-0.612978
-0.672256
-1.53318
-1.63767
-1.78807
-1.86195
-2.10667
-2.13054
-1.79873
-1.049
-0.265116
-0.0507953
0.0203842
0.162121
-0.0402991
-0.128629
-0.435265
0.0375722
0.105032
0.304352
0.538866
0.568438
0.40172
-0.202469
-1.53229
-1.62513
-0.965052
-1.32234
-2.1068
-2.23614
-2.33413
-2.08411
-1.91679
-2.00744
-1.98147
-2.03718
-2.07846
-1.94018
-1.90014
-1.88108
-1.72821
-1.5876
-1.77757
-1.86996
-1.99164
-2.03104
-2.05549
-2.08424
-2.03669
-2.09804
-2.07035
-2.05052
-1.99685
-1.77858
-1.42346
-1.12545
-0.83382
-1.02584
-1.03116
-0.9277
-1.00428
-0.444385
-0.276861
-0.390078
0.104637
0.436349
0.554937
0.0992276
0.283384
0.175464
0.262347
0.581975
0.606309
0.115327
0.038012
0.184438
0.148638
0.235131
-0.132047
-0.480468
-0.537266
-0.390183
-0.490112
-0.673805
-0.584383
-0.355253
-0.632312
-0.715538
-0.470631
-0.703762
-0.648178
-0.657249
-0.586226
-0.502807
-0.532726
-0.550677
-0.598436
-0.554438
-0.622705
-0.659141
-0.46078
-0.687504
-1.02007
-1.61889
-1.65807
-1.62196
-0.749887
-0.767818
-1.4978
-1.4114
-1.37332
-1.24446
-1.3034
-1.21138
-1.30384
-1.20809
-0.978058
-0.577386
-0.36229
-0.00379292
-0.0842948
0.136775
0.0291501
0.0648574
-0.213036
-1.08615
-1.60695
-1.81348
-1.73773
-1.77511
-1.80974
-1.90033
-2.07033
-1.92914
-2.22494
-2.0482
-2.06804
-1.98351
-1.72949
-2.05419
-2.02125
-1.93849
-1.44859
-0.516992
0.0749564
0.175763
-0.157046
-0.651895
-1.17569
-1.33237
-1.34326
-1.54952
-1.598
-1.5634
-1.62005
-1.49508
-1.17908
-0.701171
0.0251184
0.278508
0.490678
0.562517
0.888941
0.813773
0.497794
0.260529
0.188367
0.0560538
-0.447355
-0.500311
-0.308941
-1.04403
-0.822428
-1.48072
-1.17144
-0.871084
-0.886993
-1.3292
-1.24648
-1.0243
-0.963602
-1.00057
-1.07524
-1.15587
-1.23811
-0.937199
-0.876759
-0.679667
-0.494852
-0.384849
-0.853843
-1.09355
-0.943045
-1.33841
-1.5522
-1.93062
-1.90214
-1.87547
-1.96764
-2.09703
-2.28288
-2.42365
-2.15635
-2.58472
-2.36421
-2.15235
-2.13193
-1.97009
-1.90274
-1.95494
-1.90574
-2.12204
-2.1389
-1.97696
-2.09407
-1.99469
-2.12522
-1.8679
-1.64182
-1.94238
-2.05014
-2.00535
-2.12302
-1.72168
-1.6205
-1.76296
-1.73281
-1.68247
-1.72491
-1.772
-1.83233
-1.54806
-1.91754
-1.79295
-2.05006
-2.17808
-1.99036
-1.82849
-1.72049
-1.58486
-1.49753
-1.29888
-0.464603
-0.647911
-0.918564
-0.828517
-0.76141
-0.808109
-0.873521
-0.496086
-0.480705
-0.485211
-0.530528
-0.772062
-0.861703
-0.576363
-0.619173
-0.663142
-0.502826
-0.877292
-0.590801
-0.549484
-0.463277
-0.485321
-0.550339
-0.575536
-0.485632
-0.51875
-0.720018
0.129077
-0.00622533
-0.253503
-0.683756
-1.80437
-1.72911
-1.477
-1.73267
-1.87951
-1.85902
-1.76536
-1.88667
-1.75487
-1.62437
-1.73329
-1.65452
-1.65116
-1.67953
-1.67506
-1.70564
-1.73762
-1.72202
-1.32511
-1.44413
-1.25503
-0.956434
-0.675242
-1.11184
-1.27673
-1.16408
-1.19938
-1.37506
-1.42235
-1.53641
-1.40733
-1.41903
-1.34625
-1.45178
-1.55115
-1.918
-1.66691
-1.67042
-1.37681
-1.0702
-1.13708
-1.0464
-0.999866
-0.81012
-0.679933
-0.90809
-1.50853
-1.8322
-1.56419
-1.37323
-1.6633
-1.46114
-1.62819
-1.77472
-1.75353
-1.74935
-1.62502
-2.29493
-2.1247
-2.10931
-2.05564
-1.98551
-1.81471
-2.02915
-1.5627
-1.23288
-1.242
-1.16406
-0.904029
-0.877349
-0.476553
-0.429075
-0.343323
0.1416
0.0172048
-0.251754
-0.357712
-0.294512
-0.729803
-0.760031
-0.825083
-1.04994
-0.831348
-0.693733
-0.77248
-0.830954
-1.14469
-1.42307
-1.77422
-1.71807
-1.84647
-1.70448
-1.84415
-1.73252
-1.64636
-0.912636
-0.401865
-0.0052483
0.151639
0.233258
0.437891
0.518762
0.449796
0.169928
0.00173229
-0.691237
-1.14881
-1.53259
-1.38756
-1.22769
-1.37226
-1.44916
-1.61603
-1.54332
-0.668348
-0.552216
-0.855224
-1.57053
-1.71189
-1.37332
-1.18987
-1.02185
-0.742066
-0.892324
-0.767999
-0.726675
-0.728403
-0.804507
-0.765807
-1.02416
-1.40857
-1.5896
-1.61758
-1.80176
-1.88058
-1.84458
-1.85988
-1.80409
-1.93229
-1.91347
-2.04399
-1.84537
-1.24186
-0.759261
-0.279796
-0.504719
-1.00883
-0.967328
-0.625377
-0.43581
-0.733186
-0.521959
-0.458304
-0.600393
-0.742848
-0.808664
-0.818085
-1.20542
-0.785076
-0.648755
-0.679542
-0.696317
-0.654434
-0.573555
-0.472253
-0.40085
-0.599145
-0.634704
-0.528501
-0.697466
-0.767215
-0.705416
-0.756255
-0.513959
-0.306851
-0.714523
-0.906764
-0.627693
-0.380187
-0.650596
-0.671953
-0.7418
-0.521079
-0.576853
-0.406953
-0.44184
-0.593152
-0.48152
-0.713898
-0.387699
-0.571421
-0.486906
-0.479451
-0.607736
-0.510888
-0.570363
-0.908758
-1.26709
-1.54817
-1.59465
-1.04542
-1.48212
-1.61723
-1.43425
-1.09812
-1.01506
-1.29045
-1.41957
-1.41018
-1.29085
-1.11003
-1.16849
-1.06382
-0.442365
-0.512752
-1.15552
-1.00265
-0.841884
-0.904886
-1.02068
-1.12587
-1.33046
-1.44495
-1.47597
-1.26994
-0.896244
-0.386112
-0.622819
-0.834454
-1.31525
-1.46472
-1.2986
-1.3353
-1.34168
-1.28787
-1.31762
-1.35767
-1.02067
-0.554847
-0.193349
-0.0854878
-0.412214
-0.988768
0.0660367
-0.322317
-0.838078
-1.45395
-1.44849
-1.44139
-1.53332
-1.01731
-1.4401
-1.5696
-1.75226
-1.87267
-1.819
-1.76017
-1.81974
-2.02465
-2.01875
-1.92517
-1.27017
-1.09215
-0.553683
-0.147003
0.243741
0.43828
0.654172
0.90511
0.455299
0.122993
0.27399
-0.0992771
-0.80764
-0.746228
-0.713751
-0.643441
-0.606786
-0.600739
-0.557846
-0.625815
-0.840719
-0.797174
-0.854178
-0.927281
-0.962836
-0.938672
-0.810228
-0.84083
-0.901054
-0.972162
-1.04418
-1.14393
-1.32361
-1.53824
-1.79896
-1.81517
-1.66979
-1.85185
-1.79908
-1.81182
-1.84069
-1.98911
-1.9456
-2.04429
-1.97288
-1.42628
-1.45538
-1.63554
-1.529
-1.65685
-1.69247
-1.60912
-1.36935
-0.919243
-0.411031
-0.264529
0.041673
-0.2479
-0.446526
-1.00268
-1.19862
-1.20148
-1.06047
-1.18548
-1.20162
-1.20975
-0.548539
-0.166951
-0.971942
-1.37827
-1.4899
-1.43799
-1.50097
-1.50967
-1.68598
-1.69679
-1.73566
-1.75153
-1.81612
-1.81559
-1.72859
-1.77415
-1.76076
-1.70257
-1.62575
-1.53645
-1.55648
-1.64809
-1.73905
-1.74584
-2.02703
-2.01412
-1.98018
-1.85781
-0.914676
-0.347436
0.0434206
0.331741
0.586201
0.441999
0.348118
0.186618
-0.154317
-0.751854
-1.50889
-2.03043
-1.88158
-1.96665
-1.82705
-1.85522
-1.62361
-1.63316
-1.54446
-1.42297
-1.44824
-1.29498
-1.34834
-1.25939
-0.825598
-0.809766
-0.839257
-0.467528
-0.43129
-0.531747
-0.718177
-0.877801
-1.29284
-1.76441
-1.87164
-1.99299
-2.05824
-1.89094
-1.96554
-1.85594
-1.71297
-0.800568
0.170672
0.172141
0.176405
0.334252
0.195846
0.235078
0.169095
-0.0678095
-0.319456
-0.454877
-0.472347
-0.67146
-0.736418
-1.46563
-0.502858
0.560614
0.738969
-0.0574384
-1.08792
-1.14978
-1.27006
-1.22433
-1.21065
-0.39108
0.152968
0.13669
0.30561
0.492378
0.324463
0.424666
-0.0229637
-0.580972
-1.15007
-1.09137
-0.964475
-1.47215
-1.75498
-1.7168
-1.94937
-1.89606
-2.18961
-2.09014
-1.56579
-1.23271
-2.14156
-2.2743
-1.71077
-1.75882
-1.76327
-1.79975
-1.75371
-1.71463
-1.76242
-1.72846
-1.59209
-1.6019
-1.40564
-1.54451
-1.35574
-0.949643
-0.924233
-0.0643139
0.229627
0.930091
0.84304
0.708351
0.698179
0.689735
0.627016
0.515876
0.83705
0.613893
0.325712
0.12643
-0.60366
-0.600035
-0.67075
-0.605639
-0.556781
-0.637967
-0.554852
-0.431368
-0.406994
-0.428526
-0.284024
-0.474827
-0.49402
-0.527717
-0.780808
-0.583469
-0.643645
-0.756309
-0.58291
-0.60827
-0.508488
-0.498028
-0.615534
-1.01953
-1.32757
-1.20351
-0.240752
0.0759853
0.13449
0.025542
-0.00775702
0.0533635
-0.263736
-0.26959
-0.531524
-1.06872
-1.35453
-1.62346
-1.71848
-2.01211
-1.96197
-1.76734
-1.82614
-1.74302
-1.8015
-1.55689
-1.40055
-2.3446
-1.90414
-1.75039
-1.59552
-1.55483
-1.57756
-1.64936
-1.75098
-1.74001
-1.66862
-1.70418
-1.45108
-1.26169
0.319355
-0.131379
-0.699764
-0.6447
-1.59458
-1.23636
-0.969438
-0.976118
-1.022
-1.07929
-1.43354
-1.62841
-1.29669
-1.23422
-0.316491
-0.249405
-0.491695
-1.0567
-1.13917
-1.59039
-1.84345
-1.4611
-1.41628
-1.37308
-1.41157
-1.49915
-1.39507
-1.53035
-1.70019
-1.82928
-2.04057
-1.98405
-2.04025
-2.02849
-1.93345
-1.84634
-1.85898
-1.9251
-1.81742
-1.84913
-1.77969
-1.75438
-1.70185
-1.64278
-1.65411
-1.58546
-1.46174
-1.46223
-1.35855
-1.30271
-1.28504
-1.29062
-1.34005
-1.36926
-1.4087
-1.52446
-1.70962
-1.79131
-1.65448
-1.77308
-1.42454
-1.27479
-1.39411
-1.70663
-1.83009
-1.88
-1.96504
-1.70605
-1.50231
-1.40315
-1.34909
-1.11653
-1.07577
-1.33642
-1.53934
-1.4935
-2.07811
-1.9273
-1.64926
-1.73183
-1.57289
-1.48163
-1.61967
-1.4996
-1.63787
-1.3942
-1.43034
-1.19324
-1.64903
-1.46708
-1.63231
-1.62093
-1.6893
-1.65163
-1.82339
-2.10292
-2.37971
-2.35828
-2.23197
-1.83805
-1.94064
-2.09505
-1.92065
-1.78616
-1.73245
-1.54429
-1.42984
-0.717496
0.215148
0.427295
0.506834
0.554077
0.449746
0.517952
0.552943
0.472741
0.441219
0.0762702
-0.546954
-0.980999
-1.09041
-0.787812
-0.921655
-1.00207
-1.24145
-1.32499
-1.68653
-1.71673
-1.39929
-0.741425
-0.3632
0.0262844
0.23507
0.448612
0.343923
0.324175
-0.249106
-0.94511
-0.887349
-0.761213
-0.814529
-0.635103
-0.581678
-0.223404
-0.887432
-1.53712
-1.90464
-2.02346
-1.84135
-1.9057
-2.06124
-1.97927
-1.86863
-1.84929
-1.81806
-1.79627
-1.83256
-1.70037
-1.21245
-0.506436
-0.231912
-0.0913276
0.120913
0.268809
0.36766
0.15553
-0.135333
0.0440444
-0.274247
-0.949786
-0.788317
-0.679659
-0.984474
-1.08924
-0.839399
-1.31211
-0.922804
-0.915949
-0.755476
-0.640145
-0.658159
-0.669039
-0.641257
-1.43949
-1.38698
-0.937267
-1.51548
-1.20033
-1.49127
-1.74403
-2.21402
-2.32392
-2.22124
-1.99224
-1.98876
-2.07078
-1.8401
-1.89223
-1.64007
-1.63373
-1.20969
-0.984304
-0.785424
-0.66787
-0.580081
-0.216046
-0.570737
-0.617186
-0.767695
-1.08089
-1.30377
-1.86499
-1.93708
-1.82594
-1.86271
-1.5456
-1.51933
-2.05695
-2.05216
-1.97642
-1.97484
-1.86774
-2.02244
-1.87064
-1.87725
-1.91846
-1.66703
-1.70433
-1.39874
-1.20705
-1.17408
-1.28911
-1.29641
-1.29635
-1.0272
-1.1859
-0.779988
-0.896726
-0.763187
-0.69644
-0.5601
-0.661731
-0.495194
-0.558856
-0.645445
-0.686853
-0.540333
-0.502354
-0.565314
-0.393185
-0.538882
-0.771518
-0.583342
-1.47232
-1.3633
-1.36393
-1.74477
-1.47375
-1.2975
-1.27146
-1.47421
-2.09026
-1.83041
-1.67765
-1.73516
-1.72698
-1.70728
-1.8707
-1.85041
-1.90111
-1.81334
-1.6159
-1.3221
-1.24417
-1.31439
-1.42828
-1.60727
-1.7438
-1.97268
-2.1454
-1.73145
-1.79061
-1.8174
-1.81986
-1.99371
-0.298375
-0.285505
0.331691
0.489119
0.405429
0.342299
0.0843747
-0.586438
-0.95372
-1.18687
-1.05441
-0.988312
-0.813312
-0.920967
-0.801116
-0.689229
-0.516608
-0.390528
-0.575575
-0.535603
-0.594296
-0.852809
-1.03464
-0.878204
-0.828787
-1.18843
-1.32567
-1.73517
-1.57147
-1.57105
-1.62849
-1.45285
-1.27507
-1.27162
-1.11837
-0.958175
-0.978323
-1.04975
-0.787524
-0.549534
-0.378152
-0.373967
-0.37391
-0.471371
-0.591449
-1.0206
-1.0102
-1.46501
-1.54017
-1.65849
-1.82261
-1.97539
-1.90155
-1.8646
-1.99223
-2.26905
-1.97502
-1.86067
-1.81087
-1.82404
-1.98664
-1.77171
-1.66945
-1.62764
-0.963391
-0.547573
0.05887
0.400937
0.698737
0.553355
0.722496
0.255836
0.20386
-0.28508
-1.12427
-1.70235
-1.62105
-1.80199
-1.84643
-1.89467
-1.99628
-2.04742
-2.06877
-2.1543
-2.0895
-2.0436
-2.0841
-1.90534
-1.39481
-1.47052
-1.19745
-1.07226
-0.946495
-0.990494
-1.33992
-1.16312
-1.16769
-1.45994
-1.33908
-1.79418
-1.82644
-1.58594
-1.9091
-1.8417
-1.72236
-1.58355
-1.67603
-1.55544
-1.38091
-1.22701
-1.29304
-1.75278
-1.60963
-1.58952
-1.35888
-1.31423
-1.43611
-1.56819
-1.48344
-1.32034
-1.29549
-1.5425
-1.43631
-1.17287
-1.2767
-1.00491
-1.07092
-1.03619
-1.16175
-0.972088
-0.827522
-0.96459
-0.79799
-0.712503
-0.640982
-0.608228
-0.779779
-0.556756
-0.547489
-0.419711
-0.382869
-0.609688
-0.416937
-0.471476
-0.536289
-0.672298
-0.665428
-0.65605
-0.681803
-1.14544
-1.63163
-1.59677
-1.54986
-1.38616
-1.5281
-1.34697
-2.05391
-2.03975
-1.82923
-1.8101
-1.74767
-1.80557
-1.76634
-1.58347
-1.32537
-1.29268
-1.17693
-1.05279
-1.01594
-0.883464
-0.874281
-0.920802
-1.17389
-1.31542
-1.16219
-1.05739
-0.640766
-0.377276
-0.413313
-0.418892
-0.742679
-1.18473
-1.64684
-1.75941
-2.00598
-1.71096
-1.65121
-1.49542
-1.38501
-1.02713
-0.704821
-0.11921
0.278385
0.267116
0.667566
0.69697
1.00954
0.962466
0.995921
0.719935
0.794582
0.903105
0.668217
-0.136121
-1.25355
-1.02041
-0.990375
-1.02654
-1.04643
-1.09887
-1.19961
-1.30322
-1.35245
-1.50725
-1.58502
-1.64133
-1.69828
-1.79381
-1.78225
-1.88126
-1.8966
-1.91197
-1.99861
-1.96801
-1.89789
-1.88334
-1.95966
-1.93124
-1.95818
-1.95106
-1.66281
-1.36917
-1.61499
-1.94338
-1.85238
-1.2176
-0.8393
-0.175335
0.249091
0.594613
0.780302
0.781827
0.683949
0.498438
0.237962
0.339311
-0.00556864
-0.312921
-0.577826
-1.31279
-1.55897
-1.85921
-2.08203
-2.10556
-2.10688
-1.75333
-1.75905
-1.74929
-1.79266
-1.71537
-1.72065
-1.70321
-1.66976
-1.81749
-1.90315
-1.75625
-1.53385
-1.74028
-1.66196
-1.08678
-0.985331
-1.01138
-0.975877
-0.792386
-1.12137
-1.3052
-1.41813
-1.54985
-1.48218
-1.59424
-1.32735
-1.31183
-1.30705
-1.22166
-0.0260081
0.0239429
0.673104
0.594588
0.467814
0.361214
-0.0225329
-0.14648
-1.35646
-1.71212
-1.65804
-1.48145
-1.6573
-1.84762
-1.66874
-1.56755
-1.68941
-1.66733
-1.43503
-1.26382
-0.571966
-0.445433
-0.926866
-1.18345
-1.36077
-1.44741
-2.02253
-1.97741
-1.93841
-2.03584
-1.87004
-1.89252
-1.97159
-1.92927
-1.99904
-1.93425
-1.7862
-1.44769
-1.0197
-0.745292
-0.499947
-0.46017
-0.682919
-0.98535
-1.27604
-1.54494
-1.6528
-1.7467
-1.67492
-1.71998
-1.78424
-1.66015
-1.59556
-1.68737
-1.77667
-1.70908
-1.8352
-2.01278
-1.94392
-1.85587
-1.7692
-1.85179
-1.91885
-2.06204
-2.18565
-2.1086
-2.17547
-2.17568
-2.09901
-2.07627
-1.85048
-1.58711
-1.5672
-1.37069
-1.11857
-1.07173
-0.706668
-0.652629
-0.401187
-0.229275
-0.291798
-0.579348
-1.12249
-0.917159
-0.810375
-0.816286
-0.919054
-1.03766
-1.20988
-0.976987
-0.849485
-0.671358
-0.631348
0.152726
0.212187
0.103104
0.256518
0.0806601
-0.31713
-0.711358
-1.33432
-1.91701
-1.8367
-1.91809
-1.79296
-2.02254
-1.97878
-1.99387
-1.77466
-1.71935
-1.52761
-0.515164
0.0315603
0.642427
0.945506
1.02961
1.02275
1.08571
1.05662
0.675193
0.419689
-0.143316
-0.712983
-1.22774
-1.55333
-1.67739
-2.09578
-2.16875
-2.09926
-1.77038
-1.56063
-1.41244
-1.45795
-1.39718
-1.62977
-1.29715
-1.27453
-1.05173
-1.00977
-1.05311
-1.28642
-1.8845
-2.05206
-2.10127
-2.22141
-2.12467
-2.10901
-2.0728
-2.00801
-1.95319
-2.04206
-1.97785
-1.99183
-1.90477
-1.99193
-1.672
-1.44744
-1.15869
-1.11359
-1.33574
-1.11286
-0.718487
-0.945346
-1.36307
-1.43899
-1.34003
-1.23526
-1.2091
-1.21171
-1.28038
-1.57964
-1.53865
-1.56194
-1.29346
-1.37174
-1.63885
-1.76033
-1.64278
-1.48123
-1.47721
-1.55097
-0.85765
-0.232692
0.245503
0.38078
0.522989
0.546874
0.525807
0.622544
0.41389
0.770158
0.594721
0.734185
-0.930164
-0.637869
-0.661353
-0.430312
-0.674142
-0.585842
-0.728676
-0.764768
-0.831056
-0.93458
-1.10184
-1.46444
-1.92171
-1.99025
-1.982
-1.96239
-2.21505
-1.90041
-1.85775
-1.98031
-1.94469
-2.04095
-2.00729
-2.16928
-2.62782
-2.59777
-2.14526
-2.20056
-2.44597
-2.35309
-2.22649
-2.40488
-2.45521
-2.44934
-2.20336
-2.21921
-2.15842
-2.10681
-1.51845
-0.626793
-0.218633
-0.557947
-0.45054
-0.270386
-0.474751
-1.64947
-2.00198
-2.06827
-1.84568
-1.64715
-1.75399
-1.98074
-1.98894
-1.89501
-1.57848
-1.40747
-1.15194
-0.958116
-0.809318
-0.926639
-1.39883
-2.05103
-1.96406
-1.97146
-1.99879
-1.72233
-1.74279
-1.72357
-1.49395
-0.571747
-0.0613858
0.220748
0.536007
0.799712
0.99148
1.05268
0.617549
0.273353
0.27501
0.08169
-0.351365
-0.456099
-0.41371
-0.384791
-0.954117
-0.657114
-0.814308
-0.810883
-1.15482
-0.995959
0.0945644
-0.830484
-1.23081
-1.13783
-1.19472
-1.06636
-1.18558
-1.27423
-1.30319
-1.47916
-1.87825
-1.86878
-1.56718
-1.46501
-1.47242
-1.53185
-1.48514
-1.28838
-1.25665
-1.24308
-1.00111
-0.852331
-0.623536
-1.45253
-1.76823
-1.66931
-1.80447
-2.06366
-1.88625
-1.9877
-1.94749
-1.85677
-1.43356
-1.38364
-1.30434
-1.03094
-0.925121
-0.612773
-1.01041
-1.23174
-2.1857
-1.94462
-1.78534
-1.79564
-1.95165
-2.05807
-1.97918
-1.95958
-2.02527
-1.9553
-1.91846
-1.6459
-1.65057
-1.5239
-1.48964
-1.46861
-1.57331
-1.80307
-1.74792
-1.76521
-1.79308
-1.70095
-1.56108
-1.25126
-0.746579
-0.527643
-0.549947
-0.721372
-0.53757
-0.192928
-0.0739386
-0.163689
-0.577562
-1.08296
-1.54775
-1.4334
-1.55119
-1.57095
-1.38691
-1.39557
-1.3242
-1.41454
-1.29316
-0.941297
-0.763497
-1.38565
-1.62058
-2.12329
-1.8993
-1.89811
-1.94266
-2.09043
-1.96579
-1.90806
-1.61189
-1.36787
-1.29599
-1.10715
-1.06064
-0.632557
-0.398146
-0.419361
-0.916281
-1.13569
-1.48683
-1.62003
-2.15784
-2.14328
-1.73961
-1.91232
-1.78163
-1.92362
-1.90666
-1.86435
-1.72183
-1.8332
-1.88635
-1.87643
-1.93187
-1.95939
-1.93321
-1.65475
-1.68856
-1.51592
-1.62461
-1.97237
-2.1077
-2.08176
-1.5315
-1.54793
-1.3423
-1.33107
-1.34164
-1.50703
-1.44973
-1.36956
-1.31565
-1.42872
-1.73261
-1.71539
-1.52631
-1.48455
-0.711767
-0.242133
0.617171
0.721267
0.910014
0.681108
0.521965
0.610576
0.367053
-0.58988
-1.76995
-1.74951
-1.71482
-1.83678
-1.97896
-1.91802
-1.96303
-1.48479
-1.17035
-0.364757
-0.487251
-1.00012
-1.2383
-1.60132
-1.94616
-1.7895
-1.67447
-1.61935
-1.74273
-1.9876
-1.97259
-1.93977
-1.92721
-1.91761
-1.99455
-1.98252
-2.0412
-1.88494
-1.92058
-1.79161
-1.7113
-1.74021
-1.92634
-1.86963
-1.70973
-1.60267
-1.70883
-1.59704
-1.34493
-1.28443
-1.03601
-0.833678
-0.400619
-0.121144
-0.672856
-0.855747
-0.726396
-0.578672
-0.730607
-0.699499
-0.418502
-0.557168
-0.56622
-0.628106
-0.554744
-0.775394
-0.510491
-0.415193
-0.490566
-0.47085
-0.519268
-0.49848
-0.36604
-0.933459
-1.85668
-1.90873
-1.9862
-1.91645
-1.75872
-1.72002
-1.55551
-1.64292
-1.66229
-1.69478
-1.65194
-1.60603
-1.59721
-1.64217
-1.64184
-1.66829
-1.73113
-2.09049
-2.13765
-1.93051
-1.78171
-1.24018
-0.338241
0.128508
0.530992
0.777041
0.825488
0.555031
0.577997
0.253297
0.0188497
-0.448154
-1.26264
-2.01264
-1.67315
-1.59045
-1.30115
-0.889755
-0.630359
-0.335778
-0.0653812
0.13302
-0.00576917
-1.39904
-1.60407
-1.38653
-1.6241
-1.42901
-1.29153
-1.2829
-1.17919
-1.46041
-0.886984
-0.997039
-1.45384
-1.76754
-1.94506
-2.02365
-2.04014
-1.82291
-1.56971
-1.36285
-1.4487
-1.36957
-1.56739
-1.71033
-1.59887
-1.54256
-1.89687
-1.5949
-1.43468
-1.5255
-1.56481
-1.31826
-1.36676
-1.49072
-1.51757
-1.75953
-1.75793
-2.01494
-2.15208
-2.05879
-2.0711
-1.98373
-1.86608
-1.75998
-1.67378
-1.79287
-1.60543
-1.70816
-1.65546
-1.7301
-1.75308
-1.82372
-1.55756
-1.41717
-2.08564
-1.98061
-2.02941
-1.98975
-1.86974
-2.13678
-1.75064
-0.6181
-0.0412063
0.326441
0.617668
0.896125
1.16486
1.09751
0.979797
0.728835
0.125987
-0.401872
-1.06454
-1.31372
-1.56614
-1.64928
-1.86295
-1.66765
-1.66113
-1.589
-1.52947
-1.68921
-1.82142
-1.88708
-1.86523
-1.84038
-1.87792
-1.94788
-1.97966
-1.17869
-0.557353
-1.26448
-1.86865
-1.62995
-1.75149
-2.02552
-2.05623
-2.22323
-1.94452
-1.86268
-1.69523
-1.50019
-1.34928
-0.974024
-0.517134
-0.115257
0.127054
0.121733
0.0550358
0.0721761
0.210564
-0.00483063
-0.30825
-0.362746
-0.602011
-0.619937
-0.665431
-0.762452
-0.870424
-1.16407
-1.18015
-0.982884
-1.05949
-0.993792
-1.3731
-1.01436
-1.22361
-1.29435
-1.24909
-1.14624
-1.03828
-0.764773
-0.555609
-0.749173
-0.935954
-0.780893
-0.718578
-0.636081
-0.537558
-0.615723
-0.625329
-0.508675
-0.709208
-0.499273
-0.629803
-0.483653
-0.466539
-0.484035
-0.388423
-0.51902
-0.638248
-0.573755
-0.614272
-0.642029
-1.27248
-1.09867
-0.8264
-1.06269
-1.4075
-1.27233
-0.931029
-1.28764
-1.24687
-0.625747
-0.172325
0.277744
0.560494
0.450395
0.67747
0.494108
0.268546
-0.0845411
-1.16862
-1.16398
-1.29213
-1.37317
-1.3623
-1.53074
-1.61373
-1.61578
-1.73904
-1.97766
-2.04867
-2.09979
-2.06611
-2.10092
-1.96063
-1.82661
-1.9476
-1.79501
-0.872332
-0.843137
-0.586176
-0.778599
-1.05215
-1.26051
-1.32451
-1.38897
-1.40762
-1.40517
-1.41923
-1.47114
-1.46935
-1.59886
-1.69382
-1.78516
-1.69571
-1.62822
-1.29276
-1.11116
-1.35228
-1.40152
-1.29719
-1.3112
-1.37775
-1.48726
-1.574
-1.70905
-1.94955
-2.10097
-1.98571
-1.99071
-1.83246
-1.99689
-1.91776
-1.60787
-1.22113
-1.20245
-0.902823
-0.0207718
-0.0784526
-0.149294
-1.37952
-1.12958
-1.19313
-1.51973
-1.84603
-1.94399
-1.88104
-1.97219
-2.08179
-2.03129
-2.08509
-2.02333
-1.99841
-2.0155
-1.95689
-1.91892
-1.77021
-1.74911
-1.52999
-1.25832
-0.96461
-0.833186
-0.621632
-0.474863
-0.400191
-0.00844038
0.0877897
0.0971503
0.156954
0.153602
0.0760942
-0.0844454
-0.207941
-0.7081
-1.10683
-1.16777
-1.16228
-1.37545
-1.53912
-2.01392
-2.29095
-2.07034
-1.97739
-1.91991
-1.96443
-1.77921
-1.72887
-1.55495
-1.48799
-1.36251
-1.26453
-1.17679
-1.13116
-0.839419
-0.799498
-0.715064
-0.789759
-1.02458
-1.92043
-1.83387
-1.71678
-1.92071
-1.59352
-1.73996
-1.99148
-2.21006
-1.56339
-1.60954
-1.42059
-1.31406
-1.04982
-0.89634
0.164661
0.727497
0.862081
0.456344
0.540928
0.300019
0.231141
-0.168987
-0.221939
-0.482719
-0.401921
-0.358794
-0.444497
-0.689395
-1.23785
-1.5523
-1.29774
-1.36721
-1.20004
-0.963
-0.890147
-0.23279
0.391041
0.606876
0.665802
1.03455
0.960231
0.982594
0.841198
0.722324
0.534548
-0.0711577
-0.627967
-0.678877
-0.676751
-0.563924
-0.622988
-1.08208
-1.31061
-1.46101
-1.80936
-1.6794
-1.63879
-1.76091
-1.64511
-1.55087
-1.55932
-1.52121
-1.5307
-1.1688
-1.35722
-1.91209
-1.8274
-1.89167
-1.75987
-1.55386
-1.55347
-1.37109
-1.268
-1.69661
-1.72986
-1.51914
-1.59534
-1.7364
-1.75522
-1.66701
-1.73161
-1.52484
-1.50288
-1.33674
-1.52281
-1.22039
-0.240679
0.149312
0.437129
0.640262
0.802722
1.2078
1.09513
0.749711
0.898367
0.99258
0.889512
0.742519
0.467646
0.609161
0.523636
0.0359614
0.069378
-0.168051
-0.384405
-0.561573
-0.585269
-0.608683
-0.623909
-0.557032
-0.809289
-0.614271
-0.713859
-0.477127
-0.499351
-0.534501
-0.394889
-0.549478
-0.539543
-0.498196
-0.444921
-0.701256
-0.603081
-0.441655
-0.573567
-0.506432
-0.500095
-0.542253
-0.335895
-0.532865
-0.676075
-0.678265
-0.675685
-1.05626
-0.683704
-0.597101
-0.692424
-1.02303
-1.09464
-0.765048
0.0747539
0.269751
-0.0444343
0.180347
-0.106005
-0.0757357
-0.0746474
-0.152755
-0.195856
-0.196301
-0.78198
-0.858547
-1.03743
-0.907427
-0.668045
-0.703644
0.421586
0.421647
-0.138683
-0.256318
-0.535792
-0.737217
-0.914185
-1.04256
-1.16689
-1.19637
-1.23599
-1.0767
-0.955793
-0.852728
-0.773824
-0.948393
-1.45099
-1.88462
-1.88131
-1.73829
-1.82162
-1.48469
-0.860851
-0.575382
-0.698151
-0.948482
-1.22768
-1.0873
-1.22706
-1.22281
-1.2478
-1.35131
-1.34069
-1.50307
-1.82221
-1.59223
-0.991118
-0.466791
-0.0735906
-0.0170219
0.253727
0.149096
-0.264603
-0.632043
-0.995696
-2.12722
-2.00104
-1.96497
-1.95085
-2.04361
-2.16474
-2.04047
-2.01298
-1.66551
-1.93551
-1.80515
-1.79698
-1.95557
-2.06832
-1.98988
-1.90177
-2.05674
-2.01736
-1.98956
-1.55102
-1.28877
-1.18207
-1.11234
-1.13879
-1.36075
-1.78517
-1.99788
-2.09989
-1.96217
-1.94029
-1.83803
-1.14779
-0.163495
0.166671
0.484786
0.54053
0.315268
-0.0415509
-0.554227
-1.20319
-1.65975
-1.57708
-1.62687
-1.81824
-1.83222
-1.68974
-1.46381
-1.39715
-1.4385
-1.6293
-1.6543
-1.6618
-1.73386
-1.91949
-2.21683
-2.2097
-1.5787
-0.926954
-0.0957865
0.467866
0.546311
0.901937
0.611462
0.53011
0.737094
0.636565
0.357384
-0.331766
-1.25936
-1.55753
-1.78686
-2.21024
-2.12338
-2.15183
-2.05392
-2.15053
-2.15826
-2.16222
-2.16789
-2.00553
-1.88679
-1.82722
-1.72658
-1.54644
-1.27668
-0.932718
-0.157616
-0.0551071
-0.69433
-0.501565
-1.00295
-1.21405
-0.79913
-1.19011
-1.03697
-1.15951
-1.32498
-1.3612
-1.40612
-1.32366
-1.26889
-1.37622
-1.50454
-1.55058
-1.64024
-2.0063
-1.86836
-1.70823
-1.93733
-1.75512
-1.92485
-1.92696
-1.5086
-0.97987
-0.693973
-0.589239
-0.702888
-0.634117
-0.600406
-0.64266
-0.889781
-0.99321
-0.585061
-0.0841333
0.430667
0.413102
0.305503
0.363921
0.171529
0.256166
0.232487
0.162289
0.24904
0.215777
0.061035
-0.015303
-0.152659
-0.285891
-0.388316
-0.803086
-0.818704
-0.867569
-0.905342
-0.870346
-0.784951
-0.799798
-0.940137
-0.838054
-0.745786
-0.728652
-0.754887
-0.726474
-0.709814
-0.450226
-0.669508
-0.610308
-0.482833
-0.658428
-0.499825
-0.782027
-0.356333
0.120815
0.181859
0.275611
0.485439
0.670233
0.579056
0.584263
0.402074
-0.152759
-0.344465
-0.711546
-0.505167
-0.410644
-0.64206
-0.525199
-0.253122
0.0465734
0.43453
0.585881
0.588597
0.716111
0.738419
0.348775
0.230102
-0.0388342
-0.237157
-0.948873
-1.28927
-1.73558
-1.72908
-1.57781
-1.2711
-1.30633
-1.21603
-1.19306
-1.30972
-1.35383
-1.35782
-1.30312
-1.22457
-1.15475
-1.06216
-1.02018
-1.0578
-1.48884
-1.57202
-1.59161
-1.70417
-1.80717
-1.96564
-2.01259
-1.79241
-1.71746
-1.84477
-1.45536
-0.146587
0.062306
0.905674
0.977909
0.986057
0.903096
0.812954
0.767507
0.467645
-0.532398
-1.56645
-0.999134
-0.741441
-0.588461
-0.506961
-0.511192
-0.712075
-0.446081
-0.487446
-0.69658
-1.29931
-1.04867
-1.79839
-2.00284
-2.06891
-1.98694
-2.00912
-2.0495
-1.94736
-1.89027
-1.91469
-1.96411
-2.00811
-1.92611
-1.87728
-2.0119
-2.07021
-2.1282
-1.98486
-2.05252
-2.08397
-1.86356
-1.48544
-1.15577
-1.0132
-0.918989
-0.866047
-0.824539
-0.811551
-0.807344
-0.851907
-0.940399
-1.05463
-1.32414
-1.53411
-1.87722
-1.69404
-1.61922
-1.73963
-1.3444
-0.743802
-0.318461
0.216905
0.415184
0.177795
0.280349
0.109753
0.0986255
0.243198
0.427218
0.323112
-0.693228
-0.987524
-0.671054
-0.718688
-0.580233
-0.390028
-0.523716
-0.555232
-0.756722
-0.445154
-0.762495
-0.886737
-0.381655
-0.683805
-0.707345
-1.23378
-1.70888
-1.82478
-1.77018
-2.27241
-2.3637
-2.10362
-1.93328
-1.88223
-1.55762
-1.45019
-1.26463
-1.1276
-0.73752
-0.53188
-0.360523
-0.224241
-0.311617
-0.538075
-1.31718
-1.5785
-1.54076
-1.37361
-1.34162
-1.52886
-1.52356
-1.3891
-1.33026
-0.965464
-0.637147
-0.465665
-0.413032
-0.0227068
-0.19337
-0.0418489
0.0938145
0.0440193
-0.0116522
0.0169526
0.0885469
0.0896556
0.0160228
-0.0860198
-0.226133
-0.33724
-0.512725
-0.675055
-0.873714
-0.997919
-1.27119
-1.36145
-1.80513
-1.49558
-1.44562
-1.69603
-1.89484
-1.64579
-1.51481
-1.40941
-0.700428
-0.195566
0.0374285
0.0436813
0.227573
0.296835
0.390703
0.341816
0.363086
0.310229
0.155701
-0.306499
0.289954
0.0252217
0.29955
0.275074
-0.0470562
-0.276782
-0.383485
-0.488698
-0.775159
-0.517723
-0.606551
-0.465014
-0.559201
-0.568806
-0.367053
-0.370335
0.056307
0.0290609
0.121369
0.268456
0.326249
0.199796
-0.241914
-0.447337
-0.662305
-0.607467
-0.635907
-0.594008
-0.530749
-0.617765
-0.651316
-0.67826
-0.743452
-0.749304
-0.739276
-0.848992
-1.00538
-1.32664
-1.63279
-1.89077
-2.25645
-2.12649
-2.20181
-2.17421
-2.14159
-2.17667
-1.66056
-1.2642
-1.42614
-1.5611
-1.77809
-1.83575
-1.83428
-1.78157
-1.53303
-1.47767
-1.47864
-1.58877
-1.85034
-2.15512
-1.92172
-1.92412
-1.97489
-2.09411
-2.02261
-1.95675
-1.94201
-0.950457
-0.458383
0.0263094
0.335123
0.54032
0.4112
0.166082
-0.0351258
-0.837034
-0.998336
-1.35062
-1.76712
-1.825
-1.49189
-1.5491
-1.45176
-1.37867
-1.42509
-1.43714
-1.51066
-1.76212
-1.85531
-1.60157
-1.48163
-1.23688
-1.12092
-0.666997
-0.635064
-1.50825
-1.58576
-1.50999
-1.72432
-1.51135
-1.72183
-1.93658
-1.86271
-1.93122
-1.78005
-1.73399
-1.70768
-0.406894
-0.117525
0.324765
0.700787
0.240408
-0.239317
-0.963617
-1.44419
-1.57077
-1.43453
-1.39729
-1.61163
-1.79623
-1.61266
-1.54054
-1.54185
-1.54589
-1.65066
-1.66063
-1.9822
-1.93333
-1.96145
-1.89973
-1.59202
-1.64586
-1.73637
-1.71055
-1.67087
-1.68798
-1.65242
-1.36147
-0.369373
-0.303301
-0.810551
-1.0867
-1.67741
-1.58495
-1.64805
-1.68564
-1.74779
-1.72056
-1.6064
-1.29153
-1.44223
-1.25403
-1.077
-0.445673
-0.625154
-0.771302
-1.18553
-1.4587
-1.8539
-2.03122
-1.97099
-1.95566
-2.14328
-2.06266
-2.00942
-2.00856
-2.0559
-1.7731
-1.71876
-1.67052
-1.56816
-1.67755
-1.01077
-0.995151
-0.720633
-0.479044
-0.470401
-0.637276
-0.743275
-0.286936
-0.26439
-0.200818
-0.406432
-0.196363
-0.223397
-0.194374
-0.448481
-0.538585
-0.370333
-0.389926
-0.649088
-0.981139
-1.1193
-1.45023
-1.56434
-1.50409
-1.58171
-1.71555
-1.98357
-1.76848
-1.74206
-1.45815
-1.56044
-1.30562
-1.15504
-1.03193
-0.858807
-0.901915
-0.865984
-0.675141
-0.790336
-0.678724
-0.545688
-0.563409
-0.474646
-0.416388
-0.738466
-0.514813
-0.0834796
-0.538599
-0.606805
-0.606145
-0.429687
-0.0210098
-0.238061
-0.394119
-0.651108
-0.774921
-0.752529
-0.803482
-0.753283
-1.24133
-1.7258
-1.56677
-1.72002
-1.01176
-1.4458
-1.96998
-1.77832
-1.69418
-1.88196
-1.94357
-1.86209
-1.71154
-0.688048
-0.284118
0.0540005
0.401427
0.383948
0.399001
0.320331
0.0276958
-1.14643
-1.6789
-1.83651
-1.7713
-2.04724
-2.40216
-2.42949
-1.95949
-1.69446
-1.70342
-1.80098
-1.82568
-1.7428
-1.70764
-1.4971
-1.37996
-0.875821
-0.323079
-1.02094
-1.70529
-1.81172
-1.9751
-2.079
-1.96772
-2.00712
-1.9212
-2.15955
-2.18337
-2.16432
-1.65552
-1.92942
-2.04073
-2.04559
-2.04151
-2.27215
-1.97835
-1.91462
-1.89426
-1.89502
-1.10005
-0.492358
-0.13056
0.312982
0.42167
0.36663
0.0256118
-0.0837819
-0.225912
-1.38533
-1.8855
-1.72503
-1.80335
-2.08423
-2.04734
-1.34932
-1.02669
-1.09097
-1.01958
-1.12524
-1.09271
-1.04801
-0.731758
-0.792101
-0.95634
-0.746283
-0.828988
-0.794397
-1.15864
-1.54503
-1.43393
-1.47308
-1.40709
-1.40421
-1.31709
-1.1663
-1.09179
-0.899937
-0.490235
-0.618314
-1.05668
-0.589896
-0.189555
0.337831
0.353037
0.63409
-0.47525
-1.4062
-1.47418
-1.52273
-1.52432
-1.73111
-1.79068
-1.74549
-1.80055
-1.72109
-1.66014
-1.69957
-1.50704
-1.38035
-1.12633
-0.958446
-0.91641
-1.05157
-1.18208
-0.917615
-1.22063
-1.86635
-1.8678
-1.76068
-1.8298
-1.70314
-1.55674
-1.36509
-1.50537
-1.51245
-1.42294
-1.57371
-1.44549
-1.48324
-1.59222
-1.83553
-1.84518
-1.85847
-1.76612
-1.72855
-1.8103
-1.89824
-1.55291
-1.01207
-0.688368
-0.590334
-0.68859
-0.838735
-0.886928
-0.733341
-0.689342
-0.754183
-1.15454
-0.784293
-0.212078
0.271231
0.734785
0.696635
0.923552
1.01756
0.949302
0.840469
0.742366
0.782324
0.593635
0.697683
0.600606
0.334844
0.532359
0.340878
0.06406
0.312828
0.114804
-0.258682
-0.194103
-0.31447
-0.511636
-0.50963
-0.562855
-0.641409
-0.60297
-1.43161
-2.09722
-2.24962
-2.31997
-2.1156
-2.19417
-2.06777
-2.09976
-2.02463
-1.9191
-1.4602
-0.28529
-0.697513
-2.25597
-1.78727
-1.55492
-2.11636
-2.26666
-2.32541
-2.06726
-2.34672
-2.27689
-2.19629
-2.35351
-2.15198
-1.97116
-1.88005
-1.77699
-1.78474
-1.87894
-2.10788
-1.92639
-2.01574
-1.83986
-1.81253
-1.72314
-1.70283
-1.66846
-1.60406
-1.60449
-1.65486
-1.59591
-1.5401
-1.54439
-1.54214
-1.53989
-1.59647
-1.54713
-1.6336
-1.74204
-1.72429
-1.90209
-1.93104
-1.99548
-2.00146
-2.03768
-1.9559
-2.40241
-1.83136
-1.8432
-1.72779
-1.77722
-1.72712
-1.81071
-1.87401
-1.88148
-1.8993
-1.80361
-1.03595
-0.660452
-1.13563
-1.92227
-1.70215
-0.684389
0.464028
0.0840849
-1.21406
-1.87784
-2.03585
-1.93014
-2.15734
-2.26282
-2.30695
-2.33232
-2.05208
-1.90381
-2.038
-1.99048
-2.14489
-2.08259
-2.29582
-2.18824
-1.93943
-1.82848
-1.88319
-1.94569
-1.9833
-1.5206
-1.21688
-1.09237
-0.382434
-0.498037
-0.336791
-1.24688
-1.15876
-1.40811
-1.65909
-1.87275
-1.41177
-1.64999
-1.64046
-1.61985
-1.51208
-1.54309
-1.63195
-1.40414
-1.42054
-0.616677
-0.0369903
-0.19895
-0.0454446
0.453362
0.1111
-0.384347
-1.33884
-1.25177
-1.45369
-1.58925
-1.90412
-2.04314
-1.8479
-1.776
-2.04889
-2.24482
-1.96861
-2.30798
-1.99864
-1.86214
-1.75624
-1.36051
-0.841007
-0.642018
-0.654118
-0.711303
-0.616347
-0.649821
-0.719147
-0.625383
-0.551373
-1.07519
-1.14209
-0.796268
-0.768939
-0.600433
-0.839769
-1.02504
-0.793231
-0.650396
-0.717799
-0.710816
-0.443495
-0.759829
-0.318697
-0.612372
-0.69153
-0.291216
-0.443263
-0.370909
-0.45885
-0.569228
-0.414822
-0.63667
-0.669244
-0.98524
-1.4064
-1.15568
-1.85618
-2.01066
-1.96019
-1.89245
-1.63228
-1.61316
-1.63013
-1.59228
-1.67839
-1.64717
-1.62038
-1.44417
-1.44749
-1.38094
-1.35811
-1.23628
-1.03348
-0.948021
-0.889834
-0.826055
-0.789732
-0.705148
-0.459421
-0.226023
-0.0183761
0.055086
0.00781183
-0.144139
-0.29573
-0.50674
-0.837635
-1.23798
-1.60719
-1.46911
-1.60389
-1.50634
-1.91378
-1.9106
-1.78854
-1.68128
-1.73144
-1.96342
-1.93716
-1.66974
-2.05632
-1.88955
-1.86639
-1.86157
-1.70201
-1.67104
-1.55388
-1.49731
-1.50183
-1.53756
-1.55119
-1.4153
-1.15971
-1.05625
0.198907
0.545568
0.650056
0.923585
0.93486
0.520757
0.682691
0.305689
-0.079769
-0.760368
-1.62189
-1.84348
-1.93898
-2.04144
-2.01229
-1.92117
-1.9871
-2.00129
-1.91804
-1.79945
-1.27018
-1.0676
-0.838909
-0.498978
-0.70727
-2.11583
-1.66314
-1.69658
-1.69869
-1.80661
-1.69634
-0.84165
-0.20707
-0.00353977
0.0988096
-0.0548738
-0.0349829
-0.136078
-0.390635
-1.10131
-1.77532
-2.25579
-2.05639
-2.15367
-1.90207
-1.81394
-1.51313
-1.38261
-1.11607
-0.753928
-0.993966
-0.856282
-0.832623
-1.14018
-0.935191
-1.08831
-1.13549
-1.53221
-1.35899
-1.50323
-1.94963
-2.10858
-1.95865
-2.05967
-1.9597
-1.95854
-1.97096
-1.99906
-1.53759
-1.14832
-0.80685
-0.489505
-0.359785
-0.102051
0.0243224
0.220953
-0.118897
-0.405341
-0.969138
-1.95178
-2.16018
-2.31718
-2.28348
-2.25338
-2.12648
-2.11247
-2.1127
-2.18226
-1.70627
-0.871262
-0.175665
0.689707
1.08609
1.15811
1.26878
1.19677
1.15337
0.935389
0.590432
0.288764
-0.648416
-1.65296
-1.63028
-1.43474
-1.42416
-1.34787
-1.47736
-1.73118
-1.87443
-1.84823
-2.03714
-2.16669
-2.06412
-1.797
-1.68889
-1.69814
-1.65616
-1.79303
-1.89626
-1.84869
-1.75987
-1.94946
-1.80234
-1.831
-1.95162
-1.60663
-1.70554
-1.5932
-1.78265
-1.80197
-1.71885
-1.51769
-1.43962
-1.32877
-1.40306
-1.21236
-0.0773391
-0.31339
-0.588154
-0.451473
-1.39737
-1.91002
-2.09846
-2.01996
-2.05624
-2.00358
-1.62233
-1.78077
-1.80013
-1.70989
-1.11576
-1.41909
-1.82941
-1.97136
-1.98803
-2.07203
-1.79039
-1.37893
-1.93036
-2.13438
-1.8637
-1.61303
-1.5407
-1.21577
-0.714615
-0.329404
-0.548166
-0.785044
-0.832756
-0.902755
-1.28324
-1.58924
-1.55761
-1.55807
-1.63265
-1.68134
-0.408434
0.0688372
0.398369
0.361898
0.434029
-0.32751
-1.2659
-1.55812
-1.83224
-1.75865
-1.73175
-1.66302
-1.59704
-1.49037
-1.28275
-1.60442
-1.84912
-1.88402
-1.87021
-1.78666
-1.98799
-1.82382
-1.78934
-2.2158
-2.30625
-2.14161
-1.76959
-1.53819
-1.46659
-1.02629
-0.917178
-0.907202
-1.2096
-1.42386
-1.73524
-1.93927
-1.81146
-1.98812
-1.80601
-1.41319
-1.48815
-1.581
-1.20128
-0.445918
-0.296654
-0.175713
-0.709427
-1.20947
-1.75031
-1.87269
-1.57429
-1.74587
-1.63621
-1.75743
-1.87621
-2.02085
-1.88184
-1.77185
-1.90896
-1.82789
-1.75299
-0.654421
-0.152584
-0.0203545
0.111682
0.390626
0.305389
-0.574244
-1.48646
-1.50935
-1.45151
-1.48278
-1.7492
-1.89814
-2.08292
-1.85368
-1.7639
-1.7244
-1.55781
-1.40827
-1.18347
-1.01734
-0.771194
-0.548575
-0.517754
-0.8129
-1.95351
-2.01047
-1.9167
-1.93869
-1.91363
-1.58192
-1.42791
-1.25672
-1.00528
-0.205648
-0.335505
-1.36119
-1.48286
-1.54682
-1.57641
-1.76746
-2.06668
-1.95945
-1.41256
-1.62797
-1.8405
-2.05906
-2.14464
-2.13429
-2.04458
-1.91245
-1.87384
-1.67963
-1.72755
-1.88051
-1.87029
-1.7509
-1.66046
-1.76183
-1.79861
-2.11356
-1.98197
-1.79912
-1.86015
-1.77931
-1.69639
-1.08104
-0.925859
-0.624345
-0.459636
-0.328655
-0.190084
-0.227642
-0.41051
-0.767287
-1.00256
-1.34261
-1.51339
-1.56118
-1.79445
-2.05949
-1.83783
-1.76814
-1.21016
-1.73276
-1.46811
-1.33963
-1.26642
-1.41816
-1.40293
-1.51762
-1.59021
-1.7095
-1.83429
-1.83108
-1.93306
-1.93298
-1.71661
-1.77837
-1.69866
-1.68893
-1.77276
-1.57078
-1.04701
-0.580083
-0.396046
-0.193523
-0.111785
-0.169816
-0.318773
-0.484977
-0.738287
-1.20176
-1.47605
-1.42564
-0.821057
-0.255257
0.477649
0.632557
0.552924
0.64216
0.507131
0.284887
0.22224
-0.245931
-0.596866
-0.662048
-1.14405
-1.69469
-1.49538
-1.39049
-1.4681
-1.53499
-1.60721
-1.495
-1.29084
-0.876553
-0.761981
-0.525952
-0.21848
-0.167784
-0.193063
-0.290401
-0.531285
-0.929999
-1.03055
-1.20111
-1.2667
-1.10498
-1.24903
-1.35077
-1.20162
-0.974829
-0.876883
-0.457894
0.177435
-0.557874
-0.342843
-0.238297
-0.407434
-0.814252
-0.496117
-0.515957
-0.567186
-0.665381
-0.886135
-0.364845
-0.4658
-0.387132
-0.617534
-0.66027
-1.04375
-1.05045
-0.704288
-0.987512
-1.5559
-1.84609
-1.83738
-1.94958
-1.69772
-1.90895
-1.67152
-1.56422
-1.27501
-1.28184
-1.2119
-1.16786
-1.01568
-0.818299
-0.552299
-0.623314
-0.720543
-0.647916
-0.579616
