2.69476	0.432943
3.10996	0.672159
3.02042	0.727873
3.18534	0.580712
2.99962	0.596144
2.91903	0.677777
2.79847	0.739947
3.05162	0.528415
2.92118	0.58984
2.94154	0.680594
2.79501	0.506734
3.03765	0.564493
2.88792	0.619388
2.80713	0.6869
2.99125	0.642107
3.94261	1.89854
4.74142	1.98948
4.9603	1.94381
5.32411	2.16121
5.46335	2.11733
5.61744	1.94629
5.59455	1.95551
5.61581	1.87777
5.3954	2.12432
5.25097	2.05757
5.36756	1.85463
5.34196	2.04003
5.36438	1.98536
5.35735	2.01662
5.40208	2.06434
5.41241	2.09656
5.43456	2.07946
5.45885	2.06754
5.49083	1.93257
5.42367	1.98554
5.45227	1.89672
6.25666	1.43583
6.81847	1.53745
6.90827	1.3759
7.00267	1.26069
6.99035	1.23293
6.86138	1.4126
6.84654	1.40201
6.93889	1.13512
6.78146	1.24724
6.6888	1.1829
6.47931	1.05727
5.57267	0.791325
5.99764	0.501201
6.34296	0.737373
6.66631	0.525785
6.98813	0.0205743
7.04103	-0.10961
6.95766	-0.061716
6.82745	0.105937
6.75459	0.202299
6.59281	0.42932
6.06744	0.856916
4.71199	1.23078
4.47876	1.35987
4.7434	1.48579
4.86124	1.63523
5.05601	1.62841
5.01185	1.73635
5.08923	1.79489
5.18262	1.77185
5.14613	1.85081
5.58992	1.57137
6.11616	1.60541
6.33895	1.5889
6.44672	1.43257
6.47344	1.31502
6.48259	1.23389
6.41922	1.10047
6.30531	0.954591
5.92714	0.798437
5.42465	0.629593
5.09879	0.384572
4.72419	0.35069
4.98562	0.343267
5.14715	0.40745
5.43855	0.421629
5.48109	0.725983
5.63735	0.905926
5.88928	0.890695
6.15502	0.873139
6.22608	1.0516
6.12237	1.2467
5.76332	1.4582
5.03258	1.79153
4.61476	1.84265
4.41252	1.99948
4.30727	1.99395
4.12049	1.86617
4.67389	1.09394
4.58757	0.955986
4.33313	0.685739
4.82219	-0.308775
4.8598	0.0497067
4.81301	-0.16008
4.69305	-0.270805
3.65013	0.491431
3.27951	0.450913
3.23471	0.760288
3.42647	0.947366
4.51622	1.98189
4.8342	2.17661
5.07021	1.91249
6.47571	0.497961
6.51619	0.909319
5.86481	1.57694
5.47478	1.86423
5.11747	1.85742
4.5296	1.95489
4.14635	1.71315
3.8561	1.31986
3.81103	1.22177
3.8408	0.650026
3.75669	0.129871
3.90431	-0.061434
3.92965	-0.427649
4.26778	-0.860971
4.46555	-0.939898
4.78421	-1.44411
4.86095	-1.05874
4.6958	-0.736689
4.33739	-0.652233
4.32836	-0.0954881
3.97275	0.00198284
3.45437	0.454554
3.10397	0.628334
3.09744	0.356574
3.03259	0.599912
2.91639	0.616412
3.02824	0.724477
3.26352	0.66011
3.53056	0.638384
3.7076	1.10471
4.68151	1.26724
6.14462	1.23951
4.48668	1.29105
3.51557	1.43223
5.56512	0.172444
6.22282	0.712942
6.59259	1.12405
6.65281	1.05824
6.63772	1.12967
6.58273	1.20747
6.50903	1.29319
6.47662	1.2757
6.51911	1.07548
6.49187	1.10217
6.28318	1.45421
6.25592	1.53466
6.15677	1.75568
5.95238	1.91288
5.82035	1.96277
5.98413	1.9476
5.85847	2.0621
5.67607	2.05719
4.6771	1.8473
3.62427	1.77833
3.64322	1.59751
3.50051	1.66447
3.56752	1.63365
3.49203	1.61076
3.33024	1.43833
3.65971	0.895637
4.4564	0.248509
3.57432	0.933187
3.64204	1.09411
3.51028	1.26647
3.55901	1.07337
3.70423	1.11371
3.96458	1.6182
4.22636	1.85093
4.62695	1.81553
5.11487	1.81566
4.94976	1.99226
4.76919	1.5296
4.73526	1.96819
5.85943	2.17528
4.8709	1.66733
4.6339	1.39411
3.90034	1.60466
4.12382	2.1988
3.8438	1.9357
3.7968	1.92144
3.64484	1.76612
3.60188	1.58204
3.41386	1.57179
3.46501	1.32722
3.36561	1.351
3.18948	1.1847
3.23686	1.06397
3.06943	0.797197
2.94416	0.588173
3.07678	0.476302
3.00154	0.538305
3.11227	0.727629
2.98506	0.60983
2.73634	0.500307
2.9527	0.568722
2.98888	0.622419
2.98059	0.452853
2.65885	0.671173
3.00943	-0.201747
3.19752	0.0153815
2.6964	0.64282
2.66376	0.525743
2.63828	0.674807
2.75577	0.621974
2.77249	0.722555
2.68087	0.680609
2.66272	0.45994
2.71729	0.261688
3.05158	0.530505
5.91366	0.328996
5.83355	0.277991
6.21145	1.27918
6.33978	1.23084
5.40265	1.15423
5.40296	0.776207
5.91467	1.18613
6.26041	1.40221
6.54641	1.34094
6.61878	1.34551
6.70386	1.30119
6.67737	1.39469
6.72782	1.25901
6.68563	1.23116
6.46788	1.30662
6.35843	1.23767
6.12762	1.15092
5.82526	1.14958
5.63022	1.16223
5.44942	1.19887
5.35633	1.15673
5.34267	1.11463
5.56977	0.86029
5.92833	0.502009
6.24274	0.423027
6.57411	0.340498
6.86081	0.347578
7.10388	0.418537
7.13519	0.635638
6.908	0.913888
6.60347	1.14473
6.28571	1.27881
6.05698	1.37828
5.94228	1.39015
5.89886	1.55213
5.65973	2.05581
4.95266	2.2128
4.39672	1.55041
5.56464	1.32383
5.96238	1.81379
5.73489	2.10503
5.32416	1.55709
6.09353	1.69014
6.55171	1.77203
6.83093	1.44793
6.98866	1.24782
7.17731	1.12169
7.35038	0.92979
7.36356	0.965292
7.42861	0.851914
7.4417	0.873558
7.40115	0.968644
7.38434	1.01899
7.30272	1.14399
7.15065	1.31803
6.95624	1.50303
6.73304	1.43161
6.50215	1.41313
6.40877	1.39439
6.37587	1.3383
5.97195	1.56419
5.386	1.64604
5.39062	1.60108
5.37064	1.60842
5.29199	1.73037
5.45081	1.57732
5.49518	1.67384
6.04106	1.5461
6.47918	1.2064
6.45975	1.19068
6.28362	1.35221
5.88919	1.57283
5.33234	1.52317
4.96493	1.83925
4.91483	1.8614
4.81568	1.85807
4.6218	1.80658
4.30017	1.9263
4.45626	1.82223
4.04993	1.89459
3.57855	1.43807
2.97796	1.02872
3.01706	1.05964
2.96448	0.94017
5.17943	0.475144
6.43076	0.390924
4.9147	0.387269
5.86057	1.623
6.5571	1.38729
5.89134	1.80632
6.11857	2.18157
4.61381	2.32924
3.838	1.77853
3.50362	1.56654
3.31089	1.6575
3.81487	1.11486
5.28163	0.701867
4.85356	1.02489
4.52634	1.34633
5.6179	1.68697
6.24737	1.17243
6.27272	1.12508
6.08262	1.17558
5.59729	1.38895
4.68552	1.42653
3.44052	1.47637
3.11598	1.33089
3.16845	1.20028
5.00685	0.610283
5.03292	0.59511
3.97388	0.748242
3.66662	1.18528
5.40352	1.68072
5.84512	1.54053
5.7792	1.71657
5.33601	1.36794
4.78934	1.23221
4.83678	0.317041
4.96644	-0.405953
4.81547	-0.664037
4.81299	-0.89052
4.88443	-1.17676
4.94427	-1.12919
4.74674	-1.11172
4.67815	-0.906696
4.70467	-0.653937
4.47514	-0.309754
4.7293	1.06515
5.43672	0.996461
5.86302	0.908651
5.66026	1.15066
5.69026	0.96941
4.68249	1.1699
4.38763	0.480191
4.53644	-0.167146
4.41232	-0.383126
4.16026	-0.0165651
3.54691	0.150926
3.54128	0.431417
3.28273	0.263844
3.11466	0.238012
3.16818	0.269619
3.40549	0.932552
3.354	0.601577
3.80796	0.806224
5.0745	1.91168
5.56589	2.24564
4.8963	2.42922
5.05511	2.29523
4.96969	1.75212
4.71091	1.84779
4.67219	1.88296
4.74718	1.66404
4.79865	1.33698
4.81157	1.07742
4.93231	0.886657
5.0867	0.798505
4.83956	1.39115
4.2319	1.84346
4.00055	2.08206
3.96324	1.91499
3.95966	1.76553
3.87136	1.77
3.68027	1.73723
3.25776	1.64814
3.15615	1.44759
3.09558	1.34739
2.97464	1.10727
5.12659	0.957346
4.69637	0.970292
4.26974	0.726063
3.66546	1.15313
3.98785	1.91981
5.01147	2.04473
5.22897	1.94816
5.23262	2.07677
4.69838	2.17518
4.05376	1.8662
4.74055	1.46335
5.15344	1.494
4.73572	1.30972
3.78466	1.0305
2.94432	1.17939
3.00993	1.00657
2.95016	1.03568
2.95295	1.07094
3.90838	0.939287
4.73961	1.23311
3.88737	1.11325
5.20442	1.63948
5.81597	1.9283
5.9772	1.99034
6.18945	1.76421
6.26548	1.77384
6.39319	1.6159
6.34861	1.65238
6.26412	1.70032
5.9748	1.85523
5.49422	1.96759
4.58013	1.78417
4.41809	1.88654
4.25301	1.79479
3.97504	1.91429
3.74559	1.86423
3.63104	2.03733
3.75172	1.86913
3.47977	1.7503
3.47151	1.56623
3.16199	1.47963
3.13092	1.21965
2.90682	1.1527
2.90007	1.22162
2.92065	1.30083
2.45996	0.409328
2.90971	0.45077
2.92213	0.620643
2.9317	0.575299
2.89696	0.384319
2.9106	0.558122
2.88662	0.437889
2.91651	0.666559
3.12139	0.783584
3.00021	0.746171
3.17661	0.49017
5.57104	0.456841
6.75283	0.755588
6.71871	1.00439
6.33261	1.01531
5.97156	1.10861
5.63839	0.964429
5.36044	0.583468
5.39805	0.219158
5.42245	0.157291
5.18665	-0.221773
5.40567	-0.358388
5.39266	-0.440968
5.43073	-0.368358
5.42647	-0.340849
5.56056	-0.255846
5.77869	0.0345883
5.53343	-0.00633397
5.50411	0.105696
5.60634	0.119943
5.41062	0.322271
5.29249	1.23734
6.24661	1.87582
6.57346	1.83634
6.65062	1.8223
6.50631	1.85376
6.0881	1.92814
5.47179	1.93134
5.40734	0.777425
5.19687	0.0401817
5.12214	-0.223643
4.88289	-0.601711
4.89735	-0.638961
4.8305	-0.529428
4.65107	-0.0407738
5.33277	0.924173
6.03526	1.14026
6.25634	1.27702
6.24063	0.977257
5.52062	1.31949
5.74781	1.60687
5.87784	1.63491
5.70052	1.74394
5.54719	1.72562
5.38825	1.72884
5.22633	1.80941
5.17198	1.81673
6.10463	1.75852
6.57368	1.91559
6.67925	1.84945
6.56373	1.74669
6.23655	1.8283
5.77868	1.83003
4.97075	1.85917
3.91289	1.90363
3.49765	1.41635
3.40663	1.18348
3.60214	1.36576
3.92268	1.52099
3.57736	1.8038
4.7586	2.18259
5.2446	2.25833
5.33869	2.18833
5.37217	2.04461
5.31433	1.97426
5.05238	1.99433
4.63182	2.14628
4.38455	1.88183
4.30426	1.63381
4.65233	0.708672
4.99494	0.365356
4.99441	0.0861296
5.07866	-0.0606902
4.77797	-0.176414
4.93466	-0.0888676
5.33453	-0.153325
5.16305	0.313554
4.82412	0.40462
5.49918	0.803315
6.06494	0.900912
6.23577	0.946815
6.29877	0.990204
6.25278	0.98105
5.9855	1.19171
5.5594	1.42296
5.0579	1.60764
4.59818	1.76134
4.40675	1.9265
4.49064	1.89669
4.3523	2.09927
4.63366	1.96067
4.80147	1.87798
5.05263	1.81648
5.20728	1.82537
5.46049	1.78848
5.6479	1.67909
4.706	1.45882
4.00455	0.927258
4.99241	0.268161
4.44944	0.716919
4.3061	1.82215
6.11381	1.71751
6.43199	1.74129
6.7219	1.51062
6.64865	1.71817
6.76893	1.51495
6.7637	1.40122
6.71562	1.2262
6.53803	1.09719
6.36985	0.777013
6.14399	0.392039
5.98124	0.126653
5.73727	0.00517802
5.40788	0.112546
5.04905	0.448189
4.68864	0.865595
4.60746	1.01254
4.45878	1.04533
4.49809	1.16698
4.41062	1.29995
4.4962	1.30197
4.43598	1.28794
4.40796	1.27368
4.40323	1.12869
4.49878	0.640713
4.6639	0.0458126
4.88108	-0.491918
4.85503	-0.773391
4.94004	-0.742441
5.01063	-0.908791
5.19819	-0.995115
5.15413	-1.02429
4.87915	-0.994723
4.80507	-0.744855
4.54751	-0.27945
4.05312	0.259381
3.92853	0.928288
4.49107	1.68491
5.69484	1.83819
5.86676	1.77105
6.18201	1.57194
5.94163	1.59592
6.28134	1.74895
5.47221	1.97734
6.1203	2.06574
5.0941	2.19321
5.51914	2.24377
5.08511	2.46602
4.78925	2.22999
4.48881	2.19503
4.06722	2.03273
3.73469	2.01494
3.50295	1.57885
3.25822	1.19946
3.25608	1.22912
3.13809	1.25016
3.17677	1.20299
3.09358	0.970476
2.90025	0.744904
2.83408	0.784767
2.98333	0.682032
2.95194	0.616328
2.9664	0.484081
2.84099	0.732031
2.84054	0.529773
3.08121	0.708326
2.91344	0.738445
2.9466	0.604506
3.04281	0.419782
2.94332	0.700902
2.99133	0.651307
3.01107	0.614878
2.87164	0.692222
2.94906	1.06055
3.1464	1.27574
3.45263	1.71727
3.59241	1.57473
3.65271	1.56673
3.76016	1.69653
3.53482	1.7108
3.72177	1.30798
4.94578	0.880253
4.7612	0.992043
4.79947	0.831418
4.97284	0.925924
5.01997	0.942711
4.92522	0.781153
4.73273	0.763055
4.78945	0.493585
4.88225	0.363789
4.74738	0.0308457
4.91341	-0.167898
4.92305	-0.295476
4.93379	-0.585214
5.02376	-0.383477
4.90089	-0.574391
4.97768	-0.452264
4.94017	-0.403795
4.83948	-0.107446
4.6281	0.558211
5.6219	1.26125
6.12706	1.58668
6.32761	1.55893
6.38558	1.68215
6.50575	1.58664
6.55429	1.48469
6.42263	1.54676
6.32868	1.49793
5.9931	1.62069
5.3532	1.94012
5.14802	1.99642
5.03809	2.03138
5.03008	2.06254
5.02448	2.05677
5.00707	1.93306
4.83259	2.04042
4.85147	1.97044
4.61448	2.04524
4.66902	1.9471
4.89974	1.19154
5.28901	0.260238
4.22776	0.732503
5.41391	0.0307638
4.72683	-0.127858
5.11327	0.268307
5.53207	0.501044
4.69682	0.497649
4.67311	0.21906
4.90996	-0.0519788
5.85369	0.303853
6.17445	1.07039
7.11651	1.21296
7.14505	1.38906
7.15456	1.52195
7.10401	1.65214
6.93531	1.86699
6.74763	1.93114
6.37985	2.00304
5.79577	1.86835
5.24043	1.11359
5.35132	0.262642
5.56593	-0.206778
5.6182	-0.316343
5.4741	-0.100792
5.28956	-0.408118
5.21888	-0.566269
5.22769	-0.250647
5.63738	1.08651
6.83237	0.500663
6.98453	0.0907619
6.86251	-0.012125
6.24929	0.103071
4.99132	0.507239
4.00321	1.21666
3.66398	1.18405
3.42847	0.879007
3.61615	0.515602
4.53483	0.447215
5.237	0.645756
4.52361	0.763459
6.35582	1.40558
6.67547	1.67286
6.50839	1.92779
6.38275	1.99183
6.12837	1.92064
5.31198	2.27288
5.21158	2.13927
5.27424	1.93101
5.27892	2.00296
5.03877	2.11568
5.10048	1.93551
5.04895	1.91326
5.01706	1.90346
5.11748	1.82665
5.14621	1.90064
4.93452	2.04415
5.13443	1.7705
5.0244	1.89397
5.01931	1.76229
4.90514	1.85519
4.59368	1.89386
4.24498	1.711
4.13373	1.73138
3.9896	1.59652
3.75519	1.58871
3.70403	1.64303
3.48612	1.60522
3.3013	1.49958
3.26762	1.51904
3.23744	1.07654
3.35003	1.32283
3.33617	0.940156
5.32979	-0.393005
4.75763	-0.333911
5.41751	0.0311449
5.16781	0.0138437
4.65334	0.262136
4.73085	0.753602
6.30715	0.515661
6.35808	0.851374
6.09774	1.49583
6.20202	1.34049
6.23764	1.17795
6.00857	0.911985
4.81464	0.854211
3.60345	1.07649
3.42435	0.962479
3.21626	0.916913
3.22008	0.841895
3.22334	0.919157
3.15892	0.872272
3.13852	0.947491
3.06777	0.847002
4.61282	0.381763
4.61388	0.609518
4.93201	0.749977
5.49885	1.53144
6.19643	1.63305
6.39557	1.79144
6.46219	1.85365
6.20546	2.09348
5.70148	2.14548
5.25189	1.79817
4.8083	1.10803
4.96042	0.193861
4.63556	0.00738894
4.40918	-0.0468933
4.27802	-0.117884
4.25067	0.0338755
4.23102	0.126301
4.01208	0.436072
4.10796	-0.0300454
4.07854	-0.0549116
4.09537	-0.306409
4.56156	-0.517956
4.91193	-0.527689
5.00796	-0.39322
4.62722	0.214151
4.95367	1.59584
4.4449	1.59921
4.55107	0.96792
4.49151	1.24379
5.032	2.0832
5.13712	2.37053
4.90734	2.36731
4.82388	2.21138
4.84812	1.98685
4.58002	2.05908
4.41254	2.07783
4.38096	2.10862
4.39545	2.12577
4.73428	2.05098
5.1841	2.00612
5.51519	2.03508
5.8159	1.92801
6.04982	1.75825
6.07117	1.8161
5.96441	1.88018
5.36407	1.9726
5.58058	2.03227
5.38119	2.04571
5.31777	2.06871
5.26699	2.0597
5.20879	2.12262
5.14848	2.08622
5.0558	2.05202
4.84832	1.99502
4.14677	1.81112
3.37642	1.42092
3.01802	1.11597
3.12528	0.831814
3.22098	1.0253
3.14128	1.0343
3.22346	0.927529
3.03298	0.990744
3.34833	0.445047
4.39987	0.28438
3.42257	0.368382
3.54567	-0.0836586
4.07635	-0.41701
4.54424	-0.473969
4.56876	-0.0717146
4.51472	-0.212745
4.65352	-0.215947
4.53402	-0.217056
4.55192	-0.545039
4.5105	-0.568826
4.55104	-0.130834
4.55255	-0.00900461
4.2633	-0.188232
4.0361	-0.165103
3.72853	-0.222785
3.52767	0.131431
3.17659	0.50705
3.05456	0.536617
3.1095	0.378734
3.0123	0.508102
2.93709	0.645274
2.92249	0.563641
2.98589	0.366889
2.87952	0.617128
2.90659	0.701089
2.84425	0.462123
2.88193	0.703085
2.90901	0.646822
3.05728	0.651647
3.15998	0.579887
3.24585	0.463753
3.1247	0.579793
2.94575	0.574933
3.03564	0.602826
3.04269	0.555177
3.23128	0.624272
3.10697	0.666802
3.10249	0.444449
3.25637	0.686559
3.39003	1.0112
3.70123	1.61373
3.83494	1.668
3.94641	1.62334
5.079	0.723732
6.07102	0.759361
6.03101	1.49482
6.36663	1.41763
6.46857	1.40043
6.43745	1.34638
6.41259	1.36092
6.15786	1.3135
5.86966	1.3385
5.6757	1.19097
5.57421	0.993256
5.39901	0.587822
5.56179	0.362068
5.49355	0.0693393
5.47636	0.0993037
5.34431	-0.0261913
5.28371	0.0177374
5.39411	-0.0166022
5.20052	0.287642
5.21825	1.09646
5.58446	1.60051
5.79232	1.81842
6.06772	1.75087
6.3309	1.78496
6.48475	1.8097
6.52866	1.90407
6.39085	2.07328
6.33631	1.92957
5.89216	2.24876
5.59261	2.05754
5.23684	2.07426
4.89663	1.9717
5.12083	1.75565
4.68558	2.04984
4.53804	1.99711
4.42994	1.91259
4.43649	1.4666
4.76513	0.517096
5.08346	-0.0442174
5.27404	-0.261333
5.43279	0.163484
5.49354	0.787604
5.46728	1.1719
5.72203	1.33441
5.87367	1.34305
5.83311	1.55041
5.80676	1.59992
5.79747	1.55501
5.60666	1.64495
5.37819	1.4964
5.09889	1.19019
5.07732	0.748063
5.22576	0.00656163
5.391	-0.235984
5.41781	-0.425379
5.17225	-0.553953
5.02073	-0.928457
5.16443	-0.793061
5.0205	-0.495396
4.59984	-0.275169
4.66162	-0.195979
4.06226	0.0316619
3.47832	0.463732
3.62996	0.531921
3.71864	0.437813
4.63439	1.08053
6.84001	0.93927
6.30527	1.50613
5.65681	1.1735
6.08275	0.918438
6.51703	1.06511
6.61307	1.36672
6.78404	1.24141
6.81729	1.0571
6.72248	1.00029
6.50805	1.01459
6.21417	1.06801
5.83867	1.13
5.47114	1.20552
5.37986	0.905471
5.11666	0.894375
5.03943	0.743262
5.12127	0.658013
5.08744	0.507439
5.00621	0.923893
4.9807	1.15911
4.90768	1.01256
4.7949	1.35804
4.66646	1.57057
4.75526	2.01123
5.24526	1.98354
5.72638	1.9279
5.83969	2.04786
5.8638	2.14277
5.86339	2.28363
5.76407	2.44146
5.73042	2.22111
5.09609	2.61438
4.59361	2.44548
4.37327	2.15861
4.12865	2.11451
4.03451	2.00644
3.90987	1.90335
3.84229	1.91603
3.9929	1.83545
4.20767	2.08295
4.86102	2.17086
5.70926	2.06733
5.99055	2.1215
6.14993	2.00588
6.08755	2.12447
6.21408	1.86746
6.1659	1.64215
5.55638	1.96418
4.5066	2.02659
4.38082	1.98762
4.22238	2.11169
4.52566	1.7185
4.56008	1.61945
4.57169	1.80103
4.98816	1.74873
5.38771	1.67802
5.57584	1.72592
5.77506	1.77225
5.77821	1.83218
5.66561	1.54615
5.23884	1.90863
5.10737	1.79136
4.89232	2.06724
4.63439	2.17116
4.46706	2.0138
4.33353	1.84769
4.07318	1.72448
3.96753	1.59763
3.71002	1.49724
3.63769	1.31776
3.94643	0.489435
3.58203	0.654223
3.29881	0.914343
3.36123	0.843184
3.25201	0.76241
3.24143	0.795378
3.0997	0.83288
3.19656	0.484206
3.14278	0.512761
3.07021	0.495371
3.09026	0.52314
3.20965	0.746116
3.07034	0.854971
3.03956	0.576357
2.5282	0.606129
2.91836	0.656117
2.86047	0.505213
2.90711	0.878123
2.88731	0.62076
2.84203	0.565738
2.88339	0.464435
2.81785	0.476883
2.88817	0.54323
2.85032	0.577767
2.76471	0.48944
2.81759	0.527306
2.82924	0.711807
4.98254	-0.0862834
5.86894	0.0311238
4.90935	0.21793
4.32524	0.809313
4.47028	1.79942
4.79165	1.77757
5.20853	1.61438
5.20698	1.8803
5.36922	1.903
5.56217	1.84189
5.60221	1.75492
5.54684	1.8791
5.64401	1.74443
5.60736	1.63345
5.11853	1.77293
5.05912	1.64643
4.93978	1.70825
4.9197	1.75282
4.93888	1.69258
4.85368	1.75414
4.76719	1.74437
4.62475	1.72086
5.30147	1.32599
6.25689	1.44054
6.64613	1.24689
6.65861	1.0044
5.62959	0.81539
6.11067	1.17312
6.8167	1.37399
7.20152	1.25082
7.31642	1.22346
7.22523	1.35258
7.20699	1.38443
7.1378	1.50195
7.20635	1.37829
7.14029	1.39154
7.05556	1.33119
6.60585	1.46575
5.42643	1.61274
4.05991	1.92339
3.84329	1.67271
3.62639	1.67408
3.53607	1.34134
3.32264	1.05358
3.3635	1.10179
3.29502	1.0193
3.16701	0.946621
3.47206	0.691763
4.3607	0.657863
4.55583	0.907693
5.75068	1.62476
6.05954	1.87764
5.69107	1.75498
5.322	1.36854
5.95534	1.74073
6.28307	1.50581
6.53367	1.61417
6.31798	1.76949
6.49472	1.77475
6.51568	1.73915
6.45129	1.61632
6.22726	2.28828
5.61125	2.15161
5.96531	2.10904
5.89239	2.07924
5.55695	1.99876
5.48239	1.83065
4.26328	2.0288
3.54442	1.5615
3.37694	1.25912
3.22973	1.20109
3.37091	1.14737
3.17118	0.850649
3.37072	0.854362
4.74633	0.454965
4.62497	0.423341
5.07108	0.350799
4.04704	-0.124497
4.26481	0.0154642
4.25575	0.3121
5.41741	0.354002
5.79618	0.29578
5.48675	0.735839
5.57322	0.761225
5.6496	0.851918
5.61213	1.06852
5.70439	0.828005
5.64432	0.694469
5.4503	0.776093
5.3185	0.835514
5.36347	1.13974
5.68679	1.43263
5.72471	1.82992
5.82517	1.79141
5.67594	1.90073
5.69748	1.72712
5.28632	1.85407
4.55957	1.79247
4.3583	1.65463
4.29737	0.925407
4.47431	0.396882
4.35104	0.0116597
4.24013	-0.193127
4.2836	-0.236111
4.36317	-0.453253
4.16071	-0.521702
4.23777	-0.432735
4.49788	-0.144576
4.25227	0.0830885
3.87801	0.677907
3.97314	1.19132
5.5847	1.54718
6.23169	1.38731
6.3879	1.25186
6.25947	1.40345
6.21292	1.4781
5.86565	1.65558
5.69429	1.565
5.5505	0.768273
5.12723	0.551043
5.04839	0.863262
4.72481	1.58284
4.18892	1.69497
3.51722	1.37343
3.22937	1.17081
3.0071	0.985593
2.93851	0.726072
2.93546	0.874906
2.81026	0.762483
2.99895	0.728283
4.5564	0.708367
4.45538	0.786096
5.2413	0.774154
4.83951	1.03734
3.9856	1.41234
5.27857	1.59727
5.8975	1.66604
6.01361	1.85838
6.09742	1.96441
6.13738	1.87863
6.08049	1.93013
6.05094	1.81308
5.93556	1.96443
5.89717	1.99105
5.76816	2.10314
5.55119	1.84406
4.73174	1.34824
4.13553	0.788392
4.37508	0.302863
4.6328	0.584697
5.04988	1.00982
5.17884	0.976896
5.42163	0.629494
5.49964	0.437481
4.76156	0.748182
4.98825	0.541879
4.57338	0.456202
4.45816	0.594986
4.31898	0.740761
4.25488	0.819326
4.08829	0.817662
3.2687	1.17694
3.02477	0.781629
2.88232	0.649812
2.89326	0.680545
2.85787	0.704574
2.91595	0.658859
2.97795	0.573918
2.86963	0.479596
2.89346	0.407949
2.72256	0.550161
2.89894	0.604256
2.76457	0.534551
2.77327	0.698525
4.26784	0.731053
4.27257	0.67522
4.81004	0.71164
4.18163	0.478533
3.45826	0.304082
3.38126	0.678816
3.22979	0.906183
3.03768	0.626934
3.01236	0.346613
3.00259	0.639315
3.02375	0.668839
2.83742	0.727218
2.77827	0.528193
2.90101	0.582415
2.7532	0.411313
2.80914	0.449862
2.77264	0.581008
2.76751	0.488883
2.7103	0.733695
2.93737	0.38669
2.85184	0.575996
2.86731	0.483982
2.85521	0.489518
2.79826	0.607423
2.84462	0.503947
2.81577	0.578112
3.10875	0.89519
3.3559	1.24359
3.55459	1.5488
3.83414	1.60192
4.03199	1.0417
4.66945	1.49209
6.47982	1.63491
7.18648	1.45336
7.27434	1.16618
6.96771	1.09638
5.99557	1.35948
4.72882	1.49211
3.88023	1.44761
3.60295	1.31566
3.50388	1.16107
3.35866	1.17685
3.24427	1.063
5.24921	0.428062
5.61687	0.495419
4.54261	1.15657
6.03934	1.00083
6.46174	0.841632
6.48356	0.910576
6.37628	1.0371
6.08082	1.13329
5.22265	1.32818
4.15008	1.45052
3.69118	1.46658
3.46652	1.25935
3.6505	0.893668
4.40191	0.385437
4.87933	0.610649
4.9562	0.858785
4.88738	1.32466
5.97266	1.50123
6.20363	1.31417
6.16247	1.3492
6.07148	1.3449
5.91565	1.29519
5.61968	1.32821
5.31193	1.37115
5.01543	1.00919
5.07462	0.553577
4.81271	0.280909
4.55262	0.118963
3.95306	0.424742
4.43322	1.01783
4.97988	-0.0554566
4.53215	0.314282
4.6931	0.841616
4.21373	1.45535
4.45539	1.46157
4.52215	1.52255
4.62277	1.55681
5.1116	1.01233
4.87907	1.41152
4.80135	1.56004
4.62447	1.75201
4.52792	1.87217
4.534	1.81848
4.53468	1.76334
4.48199	1.82042
4.22115	2.0236
4.10922	2.02015
3.93398	1.9273
4.16162	1.26145
4.14789	1.09538
3.85611	0.580345
3.88976	0.157517
4.28554	-0.24419
4.0869	-0.391664
4.48381	-0.647613
4.45959	-0.852255
4.62544	-0.32574
4.68425	-0.148075
4.31281	-0.263319
4.23088	0.100245
4.95881	0.820122
5.60473	0.751532
5.61058	0.724014
5.76301	0.667325
5.89158	0.650516
5.95712	0.625909
5.95454	0.562179
5.96078	0.64947
5.81458	0.853267
5.89269	0.79859
5.99323	0.86107
6.09432	0.940049
6.2832	0.975051
6.47647	0.938299
6.63575	0.810259
6.66127	0.848466
6.63877	0.911063
6.6013	0.98489
6.55409	1.05574
6.4207	1.15392
5.99124	1.32528
5.25075	1.53394
4.91526	1.97608
4.98144	1.89201
5.07112	1.67069
4.97864	1.88466
5.03379	1.80909
5.00311	1.80688
5.02133	1.89165
4.94018	2.0694
4.98708	1.94179
4.93854	2.04601
4.99092	2.08685
5.98265	1.51403
6.17845	1.47199
5.94668	1.63157
5.83886	1.54862
5.55473	1.66927
5.15135	1.73951
4.8504	1.60909
4.48779	1.31771
4.54771	0.908912
4.43387	0.437867
4.38668	0.296583
4.43057	-0.133535
4.4522	0.229236
4.61008	0.469777
4.86266	1.00552
5.37225	1.19772
5.69704	1.20108
5.95023	1.06582
5.96597	1.18611
6.01415	1.20421
5.64042	1.24026
4.68611	0.54913
5.08348	0.102182
5.61021	0.990339
6.00191	1.38099
6.15837	1.50786
6.14008	1.50909
6.02829	1.60796
5.9505	1.59746
5.82238	1.73752
5.87898	1.70922
5.84888	1.7283
5.81988	1.74437
5.70201	1.81058
5.58397	1.81564
5.48594	1.72202
5.51687	1.76081
5.74937	1.73901
5.98355	1.68766
6.24963	1.60633
6.48475	1.50999
6.51144	1.53584
6.47683	1.63433
6.37524	1.73791
6.21427	1.74777
5.89991	2.01105
5.69975	2.00559
5.3843	1.97913
4.98866	1.86583
4.96073	0.937911
5.14179	0.344658
4.82565	-0.0728619
4.46816	-0.319291
4.85428	-0.581597
4.65477	-0.456887
4.62637	-0.331029
4.47044	-0.255291
4.10006	0.103671
3.62916	0.753884
3.96576	1.52183
4.46005	2.03781
4.9558	1.85396
4.79266	1.9227
4.78482	1.77243
4.66932	1.77346
4.63337	1.52817
4.45199	1.55091
4.22095	1.49319
3.94989	1.3737
3.48517	1.40643
3.23863	1.262
3.12296	1.22031
3.14371	1.30654
3.08915	0.826402
2.94828	0.80939
3.9704	0.829511
5.5269	0.459548
4.96895	0.430617
5.12734	0.554341
5.80772	0.728511
5.68427	0.893767
5.36981	1.32036
4.59988	1.78192
4.56437	1.86836
4.45711	1.97951
4.35315	2.05861
4.33479	1.89434
4.18707	1.9735
3.94932	1.86046
3.74279	1.71066
4.43997	0.806019
4.83554	-0.213342
4.33142	-0.170701
4.17762	-0.176165
4.08401	-0.320842
3.79795	-0.177018
3.6741	-0.20517
3.60279	-0.167385
3.42246	0.103751
3.27745	0.329662
3.14598	0.461695
3.35087	0.477061
4.62765	0.666963
5.05645	0.73888
5.48266	1.4734
5.56566	0.611387
4.33824	-0.519645
4.85666	-0.760801
4.78326	0.0610419
5.69033	1.13178
5.89464	1.1933
5.75263	1.28846
5.32471	1.22843
4.89511	1.17202
4.64269	0.474151
4.78506	-0.10207
4.62926	-0.141971
4.73433	-0.295021
4.51533	-0.499057
4.53735	-0.32284
4.41356	-0.395664
4.24997	0.113994
4.11454	0.594475
3.96822	1.16264
3.97429	1.09131
4.00771	0.959529
3.98143	1.46714
5.38777	1.75682
5.88173	1.72622
5.07388	1.96359
5.66301	1.89958
4.94983	2.19461
5.21426	2.09505
3.96476	1.54518
3.72593	1.22517
4.35449	2.13915
4.86451	2.28948
3.92383	1.70711
3.72181	1.78129
4.15812	1.76658
4.15025	1.79927
3.9226	1.75411
3.90275	1.71077
3.66479	1.75979
3.58001	1.73463
3.65079	1.5619
3.44643	1.59693
3.28352	1.4033
3.31569	1.52609
3.2243	1.32038
2.91728	0.916207
3.01029	0.932072
4.53365	0.0260982
4.06196	-0.246962
3.99304	-0.929698
4.25001	-0.838452
4.49525	-0.759001
4.28001	-0.68511
4.33592	-0.651221
4.19689	-0.655584
4.11376	-0.479171
4.09003	-0.809449
3.80314	-0.60346
3.51674	-0.239332
3.45646	-0.0359889
3.12854	0.60808
2.83408	0.618824
2.76827	0.652048
2.91326	0.609999
2.93826	0.559557
2.89115	0.633546
2.92042	0.549431
2.83199	0.413363
2.83098	0.426943
2.78966	0.433279
2.94749	0.279309
2.72917	0.476171
2.72637	0.470542
2.93529	0.539458
3.00441	0.759072
2.99496	0.567713
2.94007	0.643345
3.02222	0.757277
2.94541	0.596516
2.82826	0.6231
2.80668	0.506982
2.9454	0.526898
3.03263	0.607595
3.24552	0.933267
3.41949	1.32158
3.62913	1.15509
4.47903	0.230285
4.99324	-0.0757387
5.21427	-0.13373
5.3122	-0.0280908
5.58468	0.0100536
5.99123	-0.053288
6.15367	0.241334
6.80816	0.25276
7.06361	0.527644
7.06168	1.06822
7.00761	1.3594
6.88782	1.6239
6.68823	1.73277
6.23477	2.0116
5.68251	1.97057
5.272	1.7499
5.27312	1.81357
5.38881	1.7217
5.37383	1.7968
5.51956	1.55315
5.89371	1.42591
5.77949	2.34259
6.15345	1.91131
6.23022	1.75018
6.269	1.59957
6.20954	1.57095
6.02669	1.58192
5.57018	1.65563
4.47437	1.74761
3.75016	1.71049
3.7116	1.62767
3.55117	1.65267
3.49268	1.40411
3.33189	1.20199
5.10091	-0.30708
5.44974	0.102891
5.56176	0.647122
4.61263	0.619332
5.18735	1.59382
6.09793	1.23525
6.31363	0.967938
6.26824	0.973268
5.95757	1.01573
5.30258	1.07949
4.12942	1.41091
3.58663	1.64496
3.84944	1.29304
3.95696	1.23592
4.11528	0.315209
4.24717	0.245505
4.95714	0.445577
4.99791	1.04526
5.35686	1.13517
6.42528	1.60004
6.25201	1.8477
6.80719	1.45595
6.74751	1.41212
6.76855	1.36382
6.56585	1.40252
6.46673	1.5321
6.64978	1.42108
6.44834	1.64713
6.17767	1.87527
5.84494	1.92147
5.1359	2.18247
4.93731	1.99762
4.90676	2.08991
5.00525	2.08599
5.06233	2.01359
5.1106	1.91719
5.11118	2.00374
5.07434	2.08442
5.24662	1.85026
5.22516	1.96499
5.28214	1.84506
5.2702	1.78011
5.30964	1.70654
5.26918	1.6186
5.32521	1.63818
5.75123	1.57674
5.88027	1.51709
5.88293	1.51642
6.02316	1.3927
6.12927	1.32903
6.14304	1.34225
6.1388	1.3413
6.04809	1.36962
5.85393	1.42555
5.41314	1.49242
4.75451	1.62029
4.12748	1.77786
3.90608	1.7203
3.68415	1.57967
3.50379	1.67791
3.39219	1.4182
3.51162	1.27674
3.50013	1.35831
3.88371	1.66256
4.47461	1.76469
5.17358	1.8424
5.56032	2.01201
5.98488	1.68611
6.06284	1.50868
6.07718	1.46518
6.29982	1.42623
6.64309	1.21631
6.78664	1.18145
6.62848	1.38258
6.41973	1.54644
6.43297	1.50814
5.94557	2.07222
5.61735	1.92734
6.12248	1.65964
5.93137	1.742
6.04972	1.5933
6.53063	1.48263
6.10828	1.62156
6.70452	1.49198
5.95395	1.63855
6.59521	1.37758
6.04936	1.44792
6.36807	1.20121
5.88779	1.65945
6.12551	1.46197
6.17196	1.62472
6.33111	1.62065
6.39496	1.68854
6.41187	1.65132
6.26755	1.82501
5.96772	2.13366
5.62236	2.40094
5.27329	2.36417
4.82326	2.23092
4.71318	1.8444
4.50289	1.94066
4.27825	2.11011
4.17927	1.91872
4.04642	1.78438
3.73157	1.7339
3.81184	1.54403
3.75957	1.4124
3.70366	0.679665
4.07757	-0.235666
4.12706	-0.412552
4.62116	-0.526343
4.43787	-0.490054
4.58404	-0.409508
4.64782	-0.415669
4.50071	-0.440487
4.53457	-0.386569
4.15709	-0.296927
3.98829	-0.0142924
3.94817	0.541642
5.04628	0.980771
5.6983	1.12315
6.02501	0.803104
6.05094	0.931144
6.22129	1.04044
6.23989	1.27213
6.04388	1.34129
5.87113	1.71345
5.15571	1.72274
4.75466	1.40074
4.75266	0.735506
4.6604	0.3912
4.82576	2.50325e-05
4.74746	-0.26918
4.89027	-0.490327
4.81565	-0.339771
4.87503	-0.259587
4.37399	0.302756
3.30938	0.896726
2.99912	0.778889
3.2442	0.729819
3.25761	0.776475
3.38099	0.612193
4.85579	0.614802
4.97158	0.264904
5.09939	0.874871
5.75899	1.53473
5.18445	1.91374
5.29201	2.02577
5.7997	1.84919
6.03986	1.97503
5.97507	2.15242
5.91966	2.1328
5.89104	1.91806
5.66556	1.88974
5.32683	1.82888
5.20459	1.79745
4.77181	1.83714
4.40074	1.7126
4.278	1.2046
4.35176	0.509907
4.52157	0.205442
4.38873	0.0477918
4.43125	-0.162626
4.4063	-0.258697
4.493	-0.292581
4.47777	-0.131841
4.28032	0.148573
4.06428	0.138996
4.03411	0.308865
4.19081	0.952829
5.1746	0.794354
5.13056	0.707407
4.71109	1.01189
4.26693	1.10096
3.88462	0.955921
3.31807	1.26085
3.14064	0.890172
2.88193	0.849688
2.99373	0.755021
2.99303	0.630037
2.98256	0.680264
2.90355	0.685118
3.09292	0.638801
4.45206	1.42431
4.38559	1.34521
3.50228	0.924344
3.89554	1.55458
3.50321	1.20143
3.47061	1.45558
3.87894	1.74431
4.22736	2.22111
4.3299	2.33612
4.21509	2.2155
4.12415	2.00079
4.08923	1.97864
3.99348	2.05289
3.96628	1.83723
3.76291	1.88197
3.70646	1.63506
3.4768	1.64147
3.333	1.19047
3.19656	0.990207
2.91742	0.805525
5.09944	0.611623
5.3951	0.582729
4.68564	0.235152
4.27694	0.54453
3.99144	0.621421
3.8204	0.777363
3.87129	1.09901
4.25941	1.34023
4.89976	1.85333
4.93059	1.94391
5.47936	1.81989
5.98942	1.94009
6.19768	1.67344
5.99515	1.71665
5.35916	2.08442
4.99367	2.06908
4.80542	1.99824
4.5323	2.046
4.39099	1.90925
4.10041	2.06299
3.9516	1.89149
3.73462	1.913
3.71631	1.92524
3.67814	1.6657
3.48536	1.72911
3.33587	1.40734
3.28598	1.20568
3.27637	1.17926
3.37744	1.27752
3.36236	1.27364
3.28182	1.29111
3.40801	1.04034
3.30041	1.16275
3.0832	0.771099
3.02472	0.868125
2.97208	0.777213
2.97682	0.729393
2.98444	0.555803
2.87357	0.658189
3.01112	0.492396
2.98656	0.563241
2.87599	0.61732
2.91409	0.680028
2.91159	0.501933
2.36056	0.492389
2.63456	0.565606
2.74997	0.409157
2.73594	0.565861
2.75893	0.777041
2.95404	0.622974
4.1836	1.47327
5.54044	1.35914
3.66026	1.34909
4.23763	1.75351
5.13114	1.47206
6.10194	1.29758
6.23979	1.28951
6.7928	1.47792
6.68492	2.08605
6.77648	1.82358
6.8525	1.67439
6.7042	1.74678
6.56132	1.77053
6.45387	1.76287
6.32946	1.91002
6.38942	1.88277
6.46981	1.90176
6.63355	1.82755
6.91256	1.60799
7.13209	1.31164
7.22967	1.23355
7.18403	1.29678
7.08483	1.41719
6.91533	1.59726
6.68159	1.74191
6.21783	1.97148
5.27122	2.18921
4.78583	1.74221
4.66696	1.79321
4.37698	1.85661
4.09593	1.81888
3.88187	1.98891
4.90875	0.279037
4.45578	0.198074
4.72351	-0.358578
4.84044	-0.524215
4.97126	-0.379923
5.08171	-0.292897
5.04483	-0.0453665
4.97313	0.566823
5.15294	1.07941
5.34218	1.24085
5.33578	1.0862
5.31387	1.02126
5.32003	0.858627
5.17452	0.961215
5.13404	0.876782
5.10955	0.711806
5.13084	0.533032
5.05494	0.388065
4.87728	0.656871
4.91745	0.603686
4.74861	0.668441
4.41257	0.92749
4.15048	1.05349
4.02347	0.903508
4.20847	0.813873
4.32749	1.17881
4.76326	1.3254
5.17838	1.74055
5.77258	1.62019
6.09395	1.61933
6.25795	1.60941
6.36679	1.44287
6.43133	1.26444
6.39152	1.26057
6.39679	1.10938
6.35757	0.953106
6.20542	0.978113
6.05089	1.05027
6.07894	0.786057
6.15022	0.544599
6.23273	0.37143
6.33378	0.369508
6.47056	0.360611
6.53369	0.467903
6.58191	0.610014
6.50412	1.00758
6.56381	1.06672
6.2264	1.51112
6.18773	1.69378
6.13715	1.77028
5.79518	1.96618
5.61574	2.1179
5.6684	1.99211
5.38314	1.96393
5.20816	2.06748
5.02908	2.26889
4.84529	2.03496
4.68246	1.91768
4.45345	1.82343
4.29854	1.79285
4.25573	1.96285
4.20741	1.7363
4.22328	1.59023
4.21292	1.61005
4.36766	0.945662
4.56127	0.542807
4.89352	-0.0709014
5.23026	-0.379976
5.19287	-0.676342
5.09763	-0.436519
4.89404	-0.614924
4.68181	-0.221041
4.41565	-0.184904
4.18427	0.284198
3.86779	1.1254
5.59846	1.71102
6.26002	1.63426
6.27748	1.80566
6.31686	1.84606
6.1605	1.89492
5.89127	1.99874
5.57307	2.06017
5.17579	2.07052
4.73721	2.1737
4.53443	2.08949
4.24859	2.04522
3.94626	2.07084
3.75882	1.90169
3.61659	1.41432
3.23319	1.49256
3.28701	1.20086
3.14922	1.04966
2.85122	0.903667
3.34139	0.966934
3.77642	1.33936
3.34596	1.17839
3.40798	1.17808
3.3569	1.46398
3.28774	1.31028
3.89106	1.79037
4.97671	1.91266
5.25209	1.67671
5.30634	1.91478
5.43744	1.8513
5.53087	1.76699
5.66021	1.57815
5.45554	1.94117
5.53078	1.76385
5.63353	1.47359
5.79925	1.21774
6.07099	1.31477
5.99575	1.77129
6.14959	1.6321
6.13435	1.59935
6.25875	1.36292
6.24815	1.31526
5.48828	1.42179
5.08351	1.55999
5.34565	1.50086
5.06679	1.33359
4.73405	1.29631
4.2845	1.56399
4.09984	1.43668
3.89446	1.18171
3.68696	1.27829
3.55156	0.993612
3.44472	1.06234
3.1937	1.03434
3.07494	1.1287
2.95625	0.93542
3.01987	0.829356
2.86929	0.953939
2.77567	0.765889
2.76509	0.684256
2.88362	0.641408
2.81637	0.596036
2.76677	0.799902
2.36464	0.556512
2.77158	0.531944
2.67499	0.408343
2.73224	0.383168
2.73974	0.586948
2.99704	0.415084
2.66722	0.433546
2.67134	0.517911
2.64552	0.679384
2.68043	0.672692
2.73237	0.674376
2.67015	0.680076
2.88166	1.17715
3.48718	1.63032
4.25606	1.60194
4.29842	1.54291
4.94783	1.39417
5.08703	1.53916
5.20776	1.33647
5.59373	2.05179
6.09513	2.06685
6.41291	1.83557
6.41081	1.84141
6.3986	1.7634
6.15766	1.83727
5.87785	1.7835
5.45681	1.60045
5.19442	1.34668
4.93883	1.32724
5.03172	1.18667
5.38117	1.09332
5.84053	1.08369
5.9727	0.98231
5.97348	0.917967
5.90462	0.921754
5.70287	1.17307
5.26093	1.34268
4.96717	1.17264
4.71237	1.02972
4.6267	0.564271
4.82792	0.377386
4.94833	0.39129
5.17274	0.417296
5.40085	0.733771
5.50122	1.25804
5.28743	1.57783
5.10075	1.75175
5.038	1.95614
4.98869	1.8847
5.08715	1.76961
5.21523	1.55534
5.26406	1.39518
5.19561	1.0286
5.19209	0.675705
5.27752	0.126196
5.32346	-0.25086
5.16384	-0.274294
5.19712	-0.720908
5.1344	-0.758814
5.2755	-1.04409
4.95225	-0.959177
4.9853	-1.02933
4.99211	-0.66356
4.84656	-0.70205
4.82656	-0.740699
4.63765	-0.529463
4.11684	0.255252
5.3131	1.25652
6.21814	1.06009
6.37292	1.06642
6.43431	1.13146
6.51948	1.1428
6.54003	1.20356
6.57375	1.27583
6.60709	1.32047
6.64861	1.35217
6.51657	1.49222
6.43423	1.58231
6.31574	1.6545
6.14394	1.74059
5.9491	1.9024
5.9392	1.84056
5.92092	1.95374
5.94305	1.94076
5.98417	1.90367
5.9779	1.99183
6.01073	1.9619
6.11983	1.88858
6.19635	1.8771
6.18259	1.94412
6.17322	1.90273
6.10294	1.95199
5.88177	1.98062
5.54112	1.68877
5.3536	1.36326
5.20102	1.6149
4.62695	1.94143
4.39699	1.8414
4.33671	1.26942
4.91849	0.83319
4.7823	0.175302
4.77158	-0.248986
4.70567	-0.617859
4.95993	-0.781644
5.12178	-0.790893
5.04135	-0.70238
5.18285	-0.499187
5.02306	-0.250604
4.76776	-0.306365
4.84176	0.0304168
4.49575	0.328237
4.09083	0.68762
3.98543	1.33128
5.25348	1.594
5.29694	1.86809
5.15411	2.07532
5.16195	2.09715
5.0139	2.10391
4.72466	1.79486
4.7832	1.83953
4.77992	1.80941
4.66645	1.85914
4.69338	1.7185
4.76029	1.72766
4.72733	1.70784
4.69914	1.66975
4.59111	1.8567
4.46939	1.95066
4.47084	1.76335
4.49307	1.52658
4.25379	1.74453
4.13011	1.67128
4.85226	1.10598
6.09089	0.979797
6.75661	0.999333
7.00509	0.944146
7.18103	0.746612
6.8982	1.10519
6.6138	1.31634
6.40868	1.41745
6.10739	1.54269
5.44028	1.52541
4.03571	1.60383
3.56007	1.33046
3.59058	1.30757
3.40659	1.30645
3.39419	1.20713
4.25807	-0.045804
4.48799	0.0146973
5.13766	-0.654178
5.13156	-0.495452
4.85981	-0.459618
4.54549	-0.355949
4.4614	0.0436276
4.29268	0.377806
4.494	1.38264
5.54795	1.71658
5.81968	1.66438
6.19286	1.48447
6.32356	1.64311
6.31582	1.85152
6.38602	1.65336
6.08031	1.55224
4.50205	1.69666
3.41195	1.64496
3.41778	1.41933
3.15976	1.25081
4.10934	0.562152
5.04207	0.43978
4.74419	0.948079
3.62755	1.18337
4.94802	1.36146
6.04804	1.46273
5.75737	2.02508
5.70466	1.97677
5.46319	1.94657
4.93913	2.04934
4.58881	1.87036
4.70466	1.89786
4.71943	1.98743
4.74452	1.94793
4.68133	2.07955
4.80065	1.93897
4.85805	1.77682
4.9321	1.4314
5.1784	0.996745
5.4511	0.724448
5.62832	0.46909
5.68949	0.439809
5.60923	0.68563
5.58041	0.986974
5.45481	1.29926
5.34448	1.54436
5.315	1.66305
5.30161	1.77179
5.40198	1.68762
5.36237	1.72149
5.08902	1.79778
5.04048	1.65551
5.10324	1.54933
5.08055	1.66671
5.03789	1.77981
5.14316	1.65936
5.3185	1.81052
5.62948	2.0096
6.04348	1.94337
6.28199	1.85484
6.37857	1.76829
6.31229	1.85236
6.22963	1.92145
6.03473	2.08054
5.57044	2.21944
5.10733	2.09251
4.8699	2.13936
4.62966	2.15206
4.35496	2.09572
4.00966	2.07551
3.77352	1.85768
3.5148	1.60412
3.21358	1.48007
3.10431	1.33285
3.02385	1.10861
3.07534	1.07176
3.47177	0.691197
4.04311	0.653069
4.36045	0.407176
4.2085	0.235795
5.39326	0.305944
5.81848	0.569273
5.89376	1.11825
6.0717	0.929446
6.05464	0.830549
5.93945	0.864614
5.83591	0.946394
5.65707	1.06413
5.307	1.23444
4.96143	1.04145
5.08887	0.85633
5.01465	0.604255
5.12531	0.559697
5.20359	-0.181671
4.99986	-0.199885
4.94704	-0.0815516
4.92571	-0.236445
4.69982	-0.0231315
4.61815	0.339885
4.46572	0.718984
4.44639	1.38444
5.47334	1.93671
5.68142	1.8832
5.79079	1.92115
6.01509	1.77976
5.96708	2.06497
5.9367	2.03624
5.73737	2.04175
5.47035	1.77595
4.99949	1.71818
4.49379	1.53767
4.46599	0.52589
4.57225	-0.0219385
4.6906	-0.676969
4.84345	-0.937541
4.9214	-1.057
4.80044	-1.11993
5.03991	-1.12105
4.98581	-1.14254
4.85682	-0.753897
4.5824	-0.426307
4.25954	0.248545
3.77643	0.71603
5.20365	1.27609
6.01179	1.56261
5.96963	1.79511
5.99667	2.08353
6.00193	2.15963
5.92393	2.09172
5.88451	1.76436
5.77532	1.54942
5.58237	1.42235
5.04432	1.48911
4.08051	1.47152
3.33782	1.55545
3.27333	1.26756
3.25508	1.1605
3.24559	1.02349
3.39414	1.01148
3.1615	1.05306
3.31941	1.29229
4.22275	1.88643
4.32469	2.05308
4.52123	2.12261
4.57812	2.22217
4.55201	2.13193
4.5219	2.14447
4.39394	2.06691
4.3106	2.00767
4.23818	1.96053
4.16973	2.0422
4.08529	1.96712
3.95005	1.99433
3.85374	1.90016
3.76314	1.99446
3.89634	1.67697
4.70077	1.50261
5.34581	1.21322
5.5672	1.15622
5.59914	1.33387
5.5144	1.14851
5.4699	0.772239
5.78318	1.04224
5.87978	1.41341
5.97363	1.45126
6.09093	1.3505
6.15747	1.25126
6.19757	1.22271
6.13519	1.22013
5.83985	1.27811
4.86268	1.57845
4.82916	1.55679
4.92843	1.58182
5.03839	1.28134
5.03323	1.36538
4.84624	1.64568
4.5172	1.77344
4.43018	1.66188
4.18419	1.45312
3.86396	1.51133
3.62673	1.55205
3.94643	0.857102
4.00282	0.252465
4.06342	-0.121899
3.86951	-0.390828
4.0752	-0.518654
4.11916	-0.572713
4.1017	-0.511564
3.99475	-0.562991
4.06774	-0.316741
4.04436	-0.613004
4.08103	-0.575362
4.06755	-0.71565
3.24062	0.931844
2.9225	0.64348
2.8515	0.662069
2.90814	0.485442
3.03203	0.66941
3.02306	0.594947
3.06313	0.74585
3.05421	0.740106
3.28024	0.817711
3.45967	0.956087
3.43754	1.1578
3.31673	1.47284
4.25975	1.96769
5.18047	2.19093
5.50181	2.17851
5.66194	2.06084
5.49288	2.21786
5.19909	1.90058
4.87985	1.88558
4.86705	1.97414
4.84158	1.91466
4.88239	2.02426
5.0415	1.97314
5.72009	2.16882
5.71006	2.64474
5.91255	2.60676
6.28961	2.14852
6.31645	2.19955
6.17552	2.46861
6.17299	2.35294
6.11793	2.2327
5.75244	2.40613
5.45655	2.49202
5.3458	2.46853
5.33216	2.20199
5.14566	2.22125
4.91497	2.15927
4.56823	2.09533
4.18275	1.52023
4.63874	0.629281
4.69566	0.201071
4.57707	0.564906
4.51195	0.451735
4.55042	0.271137
4.38285	0.446965
4.45565	1.67159
5.64244	2.02335
5.82674	2.07157
5.95342	1.87062
6.10881	1.64643
6.13062	1.7532
6.13815	1.9772
6.142	1.97716
6.29738	1.87741
6.56978	1.56961
6.76797	1.39596
6.98565	1.13273
7.07606	0.938878
7.01389	0.801826
6.58307	0.926262
5.72955	1.4086
4.79833	2.06166
4.85228	1.96572
4.87345	1.96119
4.69973	2.00066
4.61531	1.71778
4.39865	1.79168
4.05775	1.76908
3.84738	1.49444
4.30321	0.494448
4.26881	0.0517107
4.64723	-0.176348
5.02179	-0.441114
5.10137	-0.662118
5.16383	-0.860054
5.31312	-0.988991
5.32147	-0.607112
4.85755	-0.211944
4.51861	-0.240746
3.69822	-0.0731989
3.39756	0.386876
3.40374	0.454357
3.82278	0.40662
4.32414	0.38422
5.52006	0.966416
6.20273	0.75132
6.36526	0.807335
6.50271	0.807128
6.344	1.14628
6.12474	0.987585
5.52449	-0.121704
5.61569	0.826299
6.55338	1.22385
7.14505	1.13197
7.42013	1.18051
7.4582	1.05401
7.42738	1.1712
7.32998	1.25925
7.25079	1.28662
7.02272	1.46269
6.62613	1.85437
6.43661	1.85929
6.33446	1.56619
6.13042	1.52608
5.78462	1.59353
4.75199	1.71144
3.86238	1.54532
3.73927	1.28803
3.56689	1.24479
3.48349	1.2531
3.54728	0.996059
4.69651	0.791675
5.06366	0.617863
4.56291	1.49953
6.33943	1.80318
6.68518	1.71221
6.74312	1.8249
6.40864	2.05985
5.72703	1.90586
4.50733	1.98192
4.70013	1.94617
4.4376	1.86617
3.71734	1.37979
3.59718	1.37963
3.37874	1.30308
4.19708	1.01147
4.03331	0.928918
5.17148	0.617108
4.99267	0.999635
4.43168	1.22353
5.76217	2.24351
6.45788	1.95194
6.58634	1.78234
6.42322	1.80005
5.67422	1.95037
5.15463	2.12625
5.31917	2.04765
5.40285	1.98137
5.3598	2.12218
5.7249	1.95047
5.93569	1.89956
6.59887	1.63825
6.8102	1.6339
7.02495	1.50187
7.137	1.47311
7.14131	1.4465
7.04199	1.55144
6.7072	1.80344
6.26802	1.73798
4.58678	1.76538
3.90089	1.78884
3.85807	1.7036
3.70596	1.55129
3.52823	1.24918
4.00542	0.708828
5.05076	0.495586
5.40117	0.544355
5.47841	0.730109
6.202	0.537566
6.48335	0.187283
6.49827	0.0670409
6.2197	0.159507
5.27949	0.607866
4.29291	1.08007
3.85046	1.54798
3.73565	1.45885
3.55659	1.55191
3.61848	1.5679
3.57128	1.41806
3.58503	1.43636
3.75598	1.35712
3.66511	1.41894
3.75021	1.35903
4.48197	0.924339
5.73735	0.780555
5.5439	1.38322
6.23211	1.64053
6.29585	2.10939
6.41265	1.95549
6.42163	1.93549
6.34969	2.00023
5.80712	2.09234
4.78502	1.97488
3.91089	1.90537
3.52515	1.60587
4.04471	1.366
3.5352	1.27194
3.26117	1.07339
3.22515	1.03182
3.28523	0.53944
4.54162	0.375789
4.55009	0.432402
3.69334	0.917303
3.5628	1.12059
3.40368	1.41962
3.7116	1.61336
4.72878	2.1581
4.88903	2.14383
4.8554	1.74355
4.58534	1.92986
4.71298	1.77666
4.63497	1.9657
4.69784	1.96178
4.76666	1.93651
4.9368	1.69858
4.83006	1.83769
4.70375	1.86217
4.66941	1.84598
4.60997	1.92352
4.58602	1.98208
4.58249	1.90266
4.98252	1.61541
5.96023	1.68307
6.39587	1.52566
6.42442	1.66159
6.29126	1.98502
6.15078	2.12187
6.16486	2.08705
6.46286	1.53593
6.42438	1.54784
6.07842	1.411
5.38287	1.36459
5.87581	1.35382
6.13757	1.60347
6.4041	1.57279
6.49164	1.4973
6.47619	1.38012
6.3534	1.45747
6.07645	1.72446
5.81696	1.70445
5.58992	1.53426
5.13866	1.47427
4.8043	0.951015
4.8517	0.268093
4.85134	-0.604489
4.71274	-0.714497
4.92491	-0.877882
5.12284	-0.719704
5.20494	-0.555396
5.07042	-0.616065
4.6856	-0.215643
4.53075	0.591881
4.99554	1.81376
5.79731	1.75235
5.9406	1.71555
6.05766	1.8328
6.17912	1.96235
6.13515	1.90767
5.61405	1.95994
4.33903	1.48113
3.92951	1.15822
5.7485	0.389676
5.60906	0.507308
4.1197	1.00685
4.27358	1.24976
5.00443	1.68737
5.69132	1.94764
6.12369	1.78699
6.40409	1.66664
6.49042	1.60355
6.52742	1.72391
6.38652	1.98248
6.2831	1.9727
6.17969	1.93966
6.08861	1.92263
5.97334	1.91686
5.79772	2.0162
5.60546	2.02591
5.1049	2.03789
5.18865	1.88266
4.37651	1.92402
4.83756	1.791
4.09669	1.7061
4.53306	1.75823
3.90654	1.92425
4.06655	1.87961
3.87243	1.70878
3.75236	1.59979
3.69776	1.71071
3.48577	1.61769
3.35669	1.36209
3.19022	1.23914
3.24421	1.03279
3.11114	0.83123
3.54297	0.3856
4.55051	0.0464475
3.15233	0.658305
3.11637	0.855694
3.03388	0.722847
2.93489	0.578438
2.93037	0.732055
3.02388	0.698571
3.03132	0.428641
2.98829	0.556458
2.88381	0.576462
2.44446	0.625196
2.73301	0.521548
2.69034	0.778182
2.75703	0.519463
2.76048	0.408693
2.58606	0.491652
2.70227	0.471553
2.5831	0.51485
2.59556	0.499435
2.594	0.409439
2.85676	0.894332
3.45738	1.82797
4.63927	1.91197
4.90028	1.98478
4.98856	1.9201
5.16013	1.7541
5.23707	1.72021
5.19397	1.51628
5.12469	1.62414
5.09385	1.65783
4.99532	1.6937
5.08591	1.67736
5.09117	1.63722
5.08152	1.60449
4.99191	1.69065
4.92115	1.69068
4.96377	1.71729
5.48509	1.74316
5.05002	2.0669
5.04181	2.14525
5.18576	1.92826
5.12514	1.83502
4.9662	1.26783
5.17717	0.304398
4.93329	-0.171189
5.15565	-0.51446
5.1826	-0.769218
5.03824	-0.723555
5.21263	-0.555405
5.02272	-0.475363
4.8234	-0.282082
4.60299	0.0319894
4.69643	0.443666
5.8752	1.25842
6.35318	2.00643
6.6856	1.68666
6.9719	1.57089
7.23557	1.26778
7.4735	0.840197
7.44145	0.585506
7.33059	0.278562
7.06224	0.0320729
6.61249	-0.142471
5.79683	0.0175203
4.5436	1.39805
4.40925	1.57091
4.55118	1.38818
4.18753	1.63767
3.9109	1.44615
3.78856	1.31195
3.751	1.28705
3.58107	1.18658
3.44589	1.4597
4.88342	0.884168
5.66255	0.901257
6.15329	1.51176
6.5474	1.77038
6.46442	1.93114
6.2885	2.0232
6.10421	2.03198
6.33815	1.83156
6.58085	1.58905
6.74125	1.36947
6.82555	1.42989
6.80845	1.35901
6.52238	1.55796
6.2328	1.69964
5.85885	1.5946
4.95234	1.59905
3.87334	1.89494
3.36121	1.58905
3.24296	1.42885
3.48894	1.53168
3.81599	1.55959
3.32513	1.32939
3.4261	1.41015
3.27099	1.48192
3.22464	1.51351
4.26801	1.77687
5.34749	1.74885
4.8457	2.01642
4.65689	2.04721
5.14016	1.95424
5.10754	2.02715
5.17064	1.97983
5.16337	1.85723
5.28862	1.75802
5.37458	1.67784
5.25297	1.79463
4.76224	1.61341
4.57947	1.795
4.74327	1.6587
4.72246	1.76512
4.80337	1.8491
4.82291	1.92092
5.13768	1.48141
5.61532	1.40818
5.55776	2.0955
5.58704	1.99093
5.58159	2.03658
5.62176	2.00208
5.62298	1.87186
4.88305	2.14237
4.23076	1.73759
4.13159	0.619657
4.37559	0.0414544
4.54719	-0.303051
4.60308	-0.574105
4.59026	-0.800444
4.72492	-1.05834
4.66909	-0.960778
4.61369	-0.784394
4.53037	-0.522128
4.14668	0.0145911
3.78292	0.486852
5.50837	1.08378
5.74911	1.33679
5.83682	1.60515
5.81817	1.71121
5.74438	1.87944
5.82641	1.7393
5.95284	1.69765
6.13358	1.63018
6.31175	1.55345
6.34913	1.72157
6.39145	1.82645
6.33229	1.9066
6.3088	1.88381
6.2026	1.8715
6.00457	1.87819
5.79382	1.9462
5.53461	1.98999
5.22773	1.24665
5.02049	0.575106
5.42521	1.26357
5.18007	1.88139
4.94831	1.61179
4.39606	1.72236
4.68097	2.0554
4.81442	2.05221
4.77542	2.20073
4.93549	1.92317
4.97974	1.86289
5.13977	1.68603
5.02903	1.4958
4.74124	1.34903
4.86032	1.02494
4.84672	0.562459
4.9056	0.135309
4.99162	-0.144351
4.89616	-0.191642
5.00009	-0.0927968
4.98108	-0.0847022
4.94697	-0.115866
4.96304	0.102546
5.11047	0.364676
5.13069	0.477479
5.17303	0.67956
5.49159	0.664853
5.65821	0.705739
5.79455	0.78142
5.86215	0.883994
5.84516	1.18089
6.00457	1.17991
6.22637	0.987728
5.80654	1.05559
5.93805	0.992298
4.98529	1.37667
5.32928	1.01145
4.60742	1.25271
4.12313	1.33163
3.74177	1.29494
3.35315	1.12855
3.2633	1.03963
3.04095	0.76069
2.85797	0.552752
2.79418	0.756173
2.7333	0.935501
2.74845	0.771555
2.75302	0.738826
2.62697	0.631938
2.78414	0.515881
2.63866	0.588801
2.82748	0.610559
2.68747	0.549103
2.60668	0.701862
3.00929	0.498037
3.03253	0.641607
3.04055	0.523855
3.02132	0.463986
2.89983	0.461086
2.96692	0.394366
3.02054	0.504935
3.00346	0.656953
2.83538	0.550869
2.91766	0.625802
2.8676	0.643747
3.98348	1.27507
5.16803	1.09975
4.00422	0.801638
3.76609	1.07545
4.37926	1.40118
6.21631	1.27646
6.42445	0.930801
5.81977	1.28518
5.46447	1.22828
5.18665	0.80523
5.08827	0.231738
5.03906	-0.199923
5.01837	-0.539077
5.08908	-0.477061
5.14155	-0.649804
4.96808	-0.492727
4.81568	-0.30256
4.58806	0.101381
5.27792	1.23146
5.85303	1.27598
6.03566	1.37369
6.06447	1.47204
6.09853	1.40009
5.95323	1.58695
5.70162	1.68676
5.53226	1.63508
5.03878	1.72886
4.71404	1.95794
4.64529	2.03734
4.65562	2.0948
4.55617	2.04918
4.50148	2.08572
4.40178	1.94725
4.376	1.85299
4.18757	1.98464
4.11053	1.78144
5.34381	0.873304
5.27148	0.898881
5.43628	0.615356
5.81316	0.938253
6.18734	1.21044
6.44801	1.34797
6.60897	1.4107
6.65873	1.50989
6.73317	1.55394
6.73715	1.5785
6.64613	1.59604
6.45581	1.7158
6.30518	1.68398
5.87042	1.84058
5.17117	1.86773
4.20931	1.94082
3.73009	1.71821
3.68391	1.6425
3.48393	1.30685
3.55366	1.07829
4.5239	1.36306
5.24443	1.64057
5.7645	1.48892
5.94625	1.44626
5.91522	1.47191
5.81784	1.51659
5.70137	1.57005
5.45046	1.77619
5.14974	1.99977
5.01171	2.09767
4.96998	1.99498
4.78468	1.99279
4.75696	1.82844
4.43259	2.01086
4.14081	1.91599
3.73002	1.62943
3.55472	1.23846
3.21576	1.16432
3.29987	0.905466
5.40659	0.000751254
5.31653	0.130254
4.87674	0.191419
5.52167	1.37858
6.21839	1.13125
6.22225	1.1966
6.10569	1.5314
5.77002	1.85142
5.15644	1.94389
4.70672	1.90433
4.74459	2.0024
4.76772	2.09135
4.87246	2.02849
4.85122	2.09749
4.92481	2.02642
4.98887	1.99735
5.14219	2.01341
5.59451	2.03846
5.85491	1.93744
6.03532	1.77022
6.14259	1.74948
6.20917	1.53233
6.2805	1.2647
6.3638	0.99099
6.35166	0.842118
6.30902	0.635117
6.15149	0.475893
6.14869	0.400319
6.29999	0.00305442
6.30169	-0.0957907
6.34673	-0.104899
6.42199	-0.162264
6.45331	-0.153496
6.5524	-0.0869318
6.46416	0.0833925
6.53867	0.207211
6.38725	0.718656
6.43797	1.09975
6.63377	1.1671
6.79894	1.16308
6.68108	1.37652
6.52429	1.53701
5.94522	2.02064
4.92153	2.29258
4.62632	2.04527
4.50244	1.9747
4.3158	1.92036
4.16252	1.97402
4.05149	1.82315
3.95438	1.73046
3.90231	1.55407
3.69333	1.48754
3.62101	1.33194
3.40724	1.20403
3.23154	1.16272
3.07288	1.18949
3.03731	0.852311
3.16373	0.799246
2.99181	0.7366
3.6103	0.761427
4.53986	1.02407
6.0545	1.93202
6.48857	1.82718
6.82672	1.69771
6.78605	1.89956
6.9828	1.56943
6.85481	1.71244
6.50143	1.97282
5.77717	2.19026
4.19598	1.56083
3.68193	1.56863
3.52073	1.39163
3.42294	1.30289
3.45566	1.04695
3.43255	0.941491
4.58285	-0.191862
4.56499	-0.769809
4.8772	-0.805009
5.22318	-0.497646
5.36178	-0.511134
4.72932	-0.302689
4.43544	-0.260708
4.04447	0.0976978
3.63798	0.221679
3.58099	0.483752
3.4794	0.473482
3.75587	0.386125
3.82206	0.451321
3.82634	0.691599
4.35438	1.24608
5.03823	1.59635
5.30878	1.44067
5.42324	1.49353
5.57731	1.33417
5.5188	1.10929
5.10609	0.937107
4.99095	0.216043
5.14618	-0.389487
5.19457	-0.636333
5.03036	-0.697858
5.09478	-1.12926
5.29184	-1.01334
5.2426	-0.982304
5.09492	-0.805938
4.98129	-0.704334
4.67574	-0.234635
4.70727	0.18899
5.77047	0.682072
5.9145	0.706675
5.9884	0.705955
6.10635	0.615082
6.14418	0.687123
5.86729	1.11815
5.76134	1.35987
5.66898	1.52506
5.12177	1.87951
4.13941	1.69727
3.93046	1.63951
3.78266	1.80184
3.80439	1.67339
3.83684	1.60666
3.78656	1.55848
3.59629	1.52349
3.64156	1.53014
4.67303	1.17125
5.35416	1.32175
5.55934	1.94019
5.54184	1.83782
5.38407	1.90503
5.36256	1.76255
5.18476	1.55348
4.85723	1.53451
4.82723	1.42128
5.36477	1.2993
5.4536	1.69039
5.82705	1.73063
5.37625	1.48829
5.48317	1.57921
5.02419	1.74733
4.73427	1.82319
4.60133	1.67205
4.56762	1.7375
4.59262	1.5102
4.65587	1.49395
4.16468	1.34107
4.01686	1.51867
3.85243	1.21816
4.22629	0.270638
4.31093	-0.160043
4.48023	-0.424927
4.66239	-0.649932
4.60402	-0.798215
4.60899	-1.20731
4.51357	-1.08598
4.54453	-0.738929
4.67551	-0.903247
4.70739	-0.970757
4.82549	-0.88627
4.86286	-0.756909
4.65623	-0.515298
4.46718	-0.616549
4.1471	-0.472404
3.90718	-0.0420777
3.67665	-0.0859092
3.63551	0.181439
3.50168	0.384546
3.38875	0.585701
3.16593	0.596373
3.17271	0.608814
3.12207	0.623565
3.1738	0.578894
3.05895	0.853572
3.04115	0.612387
2.61416	0.722328
2.87569	0.504774
2.98281	0.497961
3.07894	0.537115
3.00982	0.3962
3.12872	0.550819
2.95868	0.550904
2.93658	0.48387
2.94058	0.446196
3.10725	0.688914
2.97492	0.587368
2.94233	0.415923
2.92038	0.59512
2.96088	0.474885
3.06737	0.514227
3.0541	0.509641
3.11498	0.322596
3.0747	0.544111
3.16291	0.673044
2.9826	0.636436
3.03266	0.648069
3.22435	0.998051
3.04937	0.674282
3.58545	0.508804
3.65546	0.539186
3.50099	0.924416
3.13349	0.950583
3.42334	0.742935
5.32381	-0.0665579
6.08365	-0.247394
6.12793	0.0368156
6.28568	-0.190239
6.25877	0.104393
6.22461	0.0755303
6.14503	0.0729645
5.90483	0.147259
5.48676	0.195767
4.82572	0.202339
3.97609	0.771038
3.55795	0.814745
3.47657	1.02749
3.27589	0.883463
3.37035	0.681926
3.23713	0.727005
5.4844	-0.437186
6.06947	-0.436479
4.90836	0.138635
6.52156	0.2581
6.79199	0.536582
6.7965	0.737099
6.89283	0.925852
6.92208	1.05196
6.90026	1.1795
6.88057	1.19933
6.75593	1.23519
6.69152	1.08449
6.54837	0.975381
6.29167	0.872557
6.06033	0.76837
5.67704	0.929382
5.30222	1.453
4.96087	1.88029
4.95107	1.87278
4.97527	1.72843
4.8668	1.80842
4.96227	1.46958
5.3382	0.867894
6.06193	0.555729
6.53308	0.698745
6.67385	0.96871
6.30809	1.23588
5.84006	1.08141
6.30134	1.19857
6.64303	1.20201
6.8182	1.22745
6.74917	1.33963
6.56708	1.34404
6.21658	1.50859
5.46491	1.84592
4.91054	1.61496
4.77774	0.987722
4.93184	0.466903
4.76936	0.00866261
4.81865	-0.0083591
4.71666	-0.227005
4.59929	-0.137614
4.33575	0.197111
4.25296	0.559612
4.37713	1.00978
5.36888	2.12733
6.14284	2.01462
6.3727	1.95838
6.56153	2.00542
6.59646	2.04134
6.36562	2.13483
5.77936	2.00814
4.60995	2.01693
4.57694	1.67319
4.41352	1.94099
4.71342	1.80512
4.8571	1.79648
4.96124	1.98551
5.00656	2.13347
5.14382	1.99266
5.18011	1.90324
5.09787	2.12091
5.2318	2.02305
5.32525	1.97985
5.87275	1.5319
6.6091	1.30382
6.61356	1.18276
6.48298	1.11513
6.2325	1.13842
5.69581	1.34795
4.91409	1.76821
4.64379	1.98518
4.44606	2.12222
4.32819	1.96571
4.16296	1.9409
3.90248	1.82202
4.05284	1.1541
4.90342	0.14125
4.33118	-0.0837254
4.67766	-0.421371
4.8221	-0.52592
4.83802	-0.267017
4.80019	0.10498
4.61594	0.508228
4.6452	1.16142
5.54762	1.66858
6.14931	1.55765
6.37638	1.61461
6.38678	1.81486
6.4052	1.80922
6.34607	1.78752
6.58415	1.60728
6.62592	1.55844
6.61195	1.60583
6.47271	1.82563
6.50172	1.89502
6.6113	1.86183
6.69167	1.81541
6.55004	1.98706
6.2231	2.27626
6.01836	2.19431
5.87792	1.61361
5.78228	0.817084
5.46201	0.0888105
5.14835	-0.399768
4.96027	-0.511823
4.93074	-0.928068
4.88691	-0.62457
4.91529	-0.47456
4.90731	-0.68296
4.82269	-0.602161
4.69406	-0.30332
4.16157	0.344614
4.07574	1.26435
5.77452	1.56168
6.10279	1.79922
5.91195	2.22421
6.00122	2.15473
5.57323	2.15705
5.20977	2.04323
5.09818	2.19354
5.00832	2.18706
4.87884	2.1422
4.69952	2.12174
4.56707	1.97835
4.40754	1.88312
4.12105	1.8311
3.86545	1.72053
3.55374	1.57356
3.40554	1.20876
3.2545	0.961605
4.42145	0.162463
5.71077	0.0614139
5.20391	0.727619
5.0087	0.675293
5.01441	1.01868
5.60009	1.25942
4.76264	0.85564
5.52807	1.29447
6.2975	1.09421
6.47783	1.17631
6.47128	1.3256
6.41436	1.36009
6.34638	1.40638
6.27401	1.32639
6.16316	1.27626
5.98435	1.38672
5.80785	1.5083
5.61288	1.55167
5.29167	1.65609
4.34532	2.03292
4.11962	1.85825
4.23147	1.73445
4.13174	1.95352
4.18457	1.77996
4.07373	1.9249
4.17748	1.92946
4.52002	1.5258
4.86971	1.01332
4.67526	0.704585
4.64459	0.588933
4.56873	0.722777
4.58215	0.672683
4.68868	0.599216
4.41576	0.632559
4.24708	0.889799
4.03777	1.02185
4.14292	0.575969
4.20154	0.0182804
4.47395	-0.271661
4.52264	-0.355182
4.64712	-0.275481
4.63695	-0.270887
4.4821	-0.166047
4.63798	-0.098373
4.63603	-0.17051
4.6743	-0.128025
4.57608	-0.228366
4.38716	-0.17511
4.4037	-0.0430443
4.30766	-0.0135467
4.17565	0.144207
3.72865	0.288334
3.47602	0.384911
3.3319	0.761794
3.32917	0.810811
3.19711	0.833524
3.11969	0.855288
3.17877	0.810775
3.21075	0.784924
3.11752	0.812253
3.16	0.954226
3.17538	0.8413
3.09584	0.670329
3.01269	0.729555
3.06164	0.751801
2.78344	0.734017
2.80323	0.721905
2.84781	0.50526
3.0107	0.671554
2.9253	0.608224
2.90149	0.467948
2.87506	0.657288
2.82835	0.512303
3.06238	0.781278
3.21345	0.354997
3.55688	-0.11542
3.8125	-0.17254
4.06676	-0.22971
4.3865	-0.405755
4.51187	-0.596575
4.51822	-0.507559
4.42184	-0.425425
4.43855	-0.3372
5.35203	0.185317
5.94912	0.368467
5.85172	0.711616
6.00133	0.508493
5.90453	0.411683
5.50554	0.642803
5.09045	0.526363
5.08367	0.29308
4.91904	0.0504213
4.9889	-0.332834
4.94859	-0.472273
5.0718	-0.525884
4.95901	-0.629195
4.96972	-0.684634
4.87126	-0.343312
5.00015	-0.222381
4.94383	0.0104662
4.39292	0.323059
4.55222	0.959531
6.35527	1.33133
6.50188	1.76879
6.7442	1.72506
7.02473	1.58001
7.3458	1.26138
7.37814	1.29446
7.47872	1.20268
7.51786	1.17592
7.41566	1.29414
7.37829	1.33943
7.35335	1.34445
7.33468	1.28871
7.3501	1.21095
7.33233	1.14468
7.21058	1.05495
6.95844	1.01191
6.56112	1.05565
5.74403	1.49358
5.44702	1.61819
5.23822	1.6676
5.01046	1.75287
4.77653	1.88021
4.53043	2.03053
4.36244	2.02692
4.34768	1.78967
4.03147	1.7096
3.83457	1.79684
3.55879	1.45493
4.88678	0.152399
4.58726	-0.0372724
4.63029	-0.883346
4.77151	-1.01175
4.89096	-1.02582
4.88824	-0.912578
4.74208	-0.814598
4.6257	-0.783143
4.21391	-0.365931
3.77873	0.601982
3.73831	1.56648
3.20735	0.805435
3.10389	0.764044
3.10673	0.5849
3.06136	0.52231
3.00477	0.512228
2.91576	0.715508
2.91798	0.459187
2.92778	0.484451
3.00856	0.681094
3.20049	1.29088
3.14595	1.04544
4.00792	1.81162
5.10281	2.00219
5.13663	2.06623
5.22884	1.98614
5.11496	2.02363
5.02155	2.08742
4.89283	2.07222
4.93866	1.91685
4.90813	1.99148
4.8399	2.03905
4.78316	2.09354
4.83353	1.90909
4.76628	1.85861
4.54024	2.01342
4.48874	2.06426
4.501	2.13405
4.64372	1.9686
4.67002	2.02231
4.71895	2.05036
4.97173	1.81719
5.79741	1.57772
6.36927	1.24278
6.49993	1.01788
6.62433	0.917617
6.66632	0.864745
6.75063	0.822208
6.74906	0.813811
6.72328	0.811608
6.67781	0.861536
6.61539	0.948049
6.49118	1.0649
6.23729	1.32461
5.93606	1.53474
5.42256	1.90405
5.16225	1.70105
4.91095	1.65174
4.54854	1.74587
4.41541	1.36984
4.19719	0.727013
4.44094	0.323536
4.64015	-0.187084
4.53137	-0.401002
4.4172	-0.158518
4.33583	-0.236986
4.10838	-0.115376
4.1963	-0.136328
3.98168	-0.24035
3.99417	-0.31746
3.80379	-0.0812644
3.37984	0.672511
2.89879	0.893061
2.9233	0.626216
2.96315	0.608526
2.89674	0.548755
2.972	0.355791
2.95183	0.515781
2.96368	0.565198
2.81819	0.767479
2.91577	0.437322
3.46053	0.698859
4.12219	0.795596
3.72804	0.384718
3.82372	0.689203
5.33973	0.788843
5.95642	1.25215
5.51046	1.71309
5.02218	1.84953
4.52012	1.83731
4.15211	2.25128
4.01177	2.35431
3.90468	2.06785
3.86286	1.9675
4.06636	1.86422
4.33588	1.60635
4.83261	1.54019
5.30131	1.34439
5.81513	1.19393
6.27803	0.839154
6.4806	0.592218
6.55911	0.389514
6.49916	0.243683
6.09249	0.331461
4.71593	0.575319
3.74404	1.33032
3.67902	1.57875
3.57265	1.56172
3.50927	1.37372
3.67074	1.34169
3.54121	1.50475
3.42699	1.51837
3.36976	1.38279
3.40314	1.31804
4.14793	0.945105
5.2916	0.632953
5.60938	0.468711
5.601	0.400153
6.14701	0.0478384
6.11969	0.192126
6.2656	0.0435536
6.29629	-0.0926861
6.22207	-0.0442212
6.22272	0.0111634
6.18606	-0.0170962
6.17369	-0.0888921
6.1155	-0.0894931
6.09808	-0.0150363
6.06588	0.0879595
6.11594	0.228648
6.24329	0.335066
6.31199	0.51465
6.31511	0.68699
6.30816	0.885254
6.17953	1.02129
5.91433	1.29275
5.87727	1.37923
5.51715	1.80602
5.46284	1.53714
5.53647	1.46031
5.06968	1.71487
4.76087	1.91112
4.85874	1.63722
4.26177	1.51905
3.81422	1.40902
4.00658	0.708378
4.13253	0.213168
4.23432	-0.089475
4.14681	-0.0428896
3.97655	-0.206849
3.9779	-0.235092
4.01522	-0.356314
3.97124	-0.309554
3.90707	-0.354008
4.09636	-0.320033
4.08403	-0.0934258
4.26543	0.308601
3.97636	-0.292585
3.70396	-0.0578597
3.47341	-0.200009
3.36483	-0.324836
3.23311	0.0433276
3.1985	0.325904
3.06633	0.393108
3.0106	0.48873
2.99929	0.779588
2.93644	0.518727
3.00014	0.62519
2.98222	0.492991
2.88647	0.56553
2.97083	0.598248
3.39892	0.398224
3.47959	0.366744
3.78989	-0.0194075
4.23564	-0.0961057
4.54002	-0.0319168
5.03062	-0.254006
5.26151	-0.357865
5.15562	-0.2035
4.8489	0.430999
6.91802	0.564649
7.02554	0.772672
7.01311	0.671748
7.02986	0.630878
7.00986	0.58239
6.97163	0.527901
6.84287	0.621759
6.79493	0.659169
6.82899	0.693696
6.94413	0.748834
7.1064	0.752386
7.20506	0.746112
7.18983	0.857478
7.05885	1.01972
6.72653	1.33411
6.30179	1.62801
5.85987	1.87361
5.41052	2.26229
5.32226	2.12183
5.1944	2.19786
5.16389	2.16487
5.06427	2.15186
4.90658	2.18095
5.37241	1.66
6.29044	1.28994
6.69459	1.43346
6.82444	1.55922
6.49392	1.77516
5.50562	1.83573
5.95672	1.81379
6.38981	1.82123
6.83089	1.57446
6.98063	1.50264
6.9954	1.49068
6.88136	1.5916
6.5831	1.85342
6.11678	2.15723
5.37833	1.95503
5.13302	2.00079
4.92952	1.97704
4.65103	2.08892
4.435	2.03155
4.21809	1.95292
3.9137	1.9325
4.282	0.955015
4.96975	0.446997
4.27345	-0.00233223
4.52798	-0.259277
4.59671	-0.365148
4.80265	-0.38768
4.66116	-0.0843315
4.22655	0.105941
3.88814	0.793802
4.10825	1.00835
5.39524	1.35066
6.4439	1.7797
6.48511	1.8451
6.949	1.49066
6.95382	1.54631
7.05054	1.44322
7.08554	1.36427
7.02751	1.41025
6.95567	1.42859
6.76794	1.52539
5.90159	1.79768
4.27562	1.86095
3.80392	1.6004
3.52207	1.4881
3.48107	1.22069
3.44356	1.09764
4.18588	0.64321
4.59611	0.65278
6.05702	1.53963
6.52438	1.62581
6.77912	1.49873
6.71461	1.71059
6.88475	1.49484
6.65983	1.6999
6.42922	1.90623
5.92137	1.82472
4.17919	1.93348
3.74721	1.77233
3.79377	1.73041
3.64269	1.69914
4.64328	0.408188
4.55209	0.117718
4.54862	-0.33771
4.83336	-0.708334
4.90798	-0.215289
5.12602	0.292638
5.10385	0.976322
5.48496	1.45861
5.78226	1.58321
6.01561	1.52558
6.13256	1.47937
6.10386	1.66713
5.78825	1.82759
5.23373	1.58245
5.64775	1.55806
6.06427	1.73754
6.28625	1.75846
6.42117	1.70895
6.47151	1.65919
6.29589	1.98695
6.27075	1.93616
6.19636	2.00111
5.76906	1.91969
5.14761	1.63488
5.03367	1.69777
4.76367	1.87783
4.65428	1.75718
4.33353	1.67551
3.9095	1.68917
3.53304	1.65703
3.42115	1.35627
4.69581	0.360448
5.65669	0.261624
5.12591	0.801985
4.31199	1.12659
4.4327	1.66975
6.11765	1.58535
6.13235	1.64178
6.16099	1.68748
5.88665	1.7816
5.41904	1.75238
4.10752	1.62079
3.51095	1.27373
3.29355	1.38951
3.26689	1.19349
3.22712	1.01569
4.67269	0.427859
5.93728	0.562262
5.74441	0.619116
4.54762	1.18179
6.4689	1.46533
6.43486	1.86672
6.34621	2.04447
6.29493	1.97391
6.10222	1.97011
5.95637	2.14317
5.98532	2.07023
5.90233	2.02249
5.77492	2.018
5.61986	2.04178
5.65637	1.78675
5.50601	1.69834
5.21207	1.65659
4.50754	1.57516
3.82226	1.67617
4.22711	0.955935
4.14429	0.968265
4.24061	0.715558
5.55836	0.474649
5.63376	0.469842
5.88379	0.651946
5.97653	0.71571
5.79278	0.2922
5.74569	0.271815
5.80438	0.203088
5.63779	0.400132
5.74227	0.195858
5.81431	0.222965
5.87748	0.194803
5.72878	0.456635
5.75461	0.538187
6.04639	0.369214
6.22157	0.386829
6.28544	0.646984
5.51125	0.996759
5.61708	1.12041
5.39988	1.45036
5.40832	1.56625
5.2851	1.51408
5.12944	1.59001
4.73876	1.71314
4.23675	1.98707
4.44247	1.76793
4.23259	1.72803
3.86837	1.46556
3.73673	1.56316
3.71526	1.29633
3.53631	1.12623
3.35562	1.01848
3.17094	0.855825
3.07867	0.901946
3.00678	0.842809
2.97739	0.669182
3.01903	0.805002
3.00752	0.654097
3.04909	0.529194
2.9044	0.564651
2.8933	0.485359
2.95483	0.409854
3.07671	0.728278
2.86881	0.552519
3.34065	0.128138
2.82163	0.564239
2.96326	0.61907
2.9497	0.611958
2.91729	0.451759
3.63311	0.0790901
2.99674	0.274356
2.75724	0.39285
2.98504	0.64544
2.89707	0.786501
2.85057	0.758952
2.98244	0.804269
3.71992	0.762645
4.77798	1.27195
5.20634	1.75546
5.74909	1.59157
5.79254	1.76233
6.3217	1.11082
6.65768	1.52173
6.69537	1.94908
6.85441	1.77032
6.85869	1.69791
6.54253	1.89342
6.25576	1.98118
5.83858	1.8646
5.24149	1.74189
4.96318	0.781828
5.09354	0.330088
5.24559	-0.138174
4.95169	-0.375741
4.99055	-0.345707
5.06637	-0.319185
4.99712	-0.257036
4.78896	-0.0592345
5.28868	1.16332
6.33955	1.66716
6.4446	1.8239
6.63293	1.77397
6.53639	2.04637
6.28691	2.37214
6.10418	2.37122
5.89779	1.86407
5.70767	1.70453
5.5593	1.69869
5.68247	1.80745
5.67168	1.82523
4.90407	1.74677
3.59013	1.70397
3.46668	1.49494
3.48244	1.40304
4.31321	0.853624
5.15596	0.322772
4.23914	1.0086
4.72098	1.68813
5.26256	1.798
5.50051	1.97425
5.56093	2.07875
5.61322	1.96624
5.59885	2.00879
5.63485	1.92567
5.53663	2.18965
5.65248	2.19329
5.82162	2.16455
6.41429	1.67366
6.37326	1.92909
6.35358	2.04048
6.4328	2.04403
6.4499	2.04019
6.20361	2.38375
6.26302	2.01927
6.19519	1.93491
5.95622	1.90368
5.53435	1.92132
5.32089	1.10949
5.07717	0.45801
5.06777	0.106357
4.85296	-0.301809
5.00564	-0.442607
5.14816	-0.375505
4.87722	-0.00774852
4.95051	0.107481
4.72601	0.258854
5.04211	1.39406
5.15993	1.89688
5.38847	1.73964
5.50157	1.81032
5.46769	2.07906
5.26791	2.03846
5.1408	1.33204
4.99901	1.02673
4.99797	1.1535
4.72654	1.01761
3.48735	1.10048
3.16903	1.09448
3.0664	0.941141
3.103	0.731867
3.07691	0.811453
3.15687	0.911474
3.20243	0.686621
4.8532	0.800141
5.09209	0.745186
4.98316	1.15954
6.17008	1.60065
6.39826	1.4769
6.40354	1.5152
6.42562	1.43795
6.35126	1.44317
6.25763	1.32295
5.9342	1.19824
5.14502	1.13022
4.39084	0.903284
4.5185	0.452577
3.72564	0.668197
3.20832	1.04601
3.90961	0.564307
4.29342	0.189293
3.96582	-0.244051
4.16757	-0.275136
4.29033	-0.538402
4.84531	0.585852
5.69425	1.4201
5.79269	1.48044
5.94337	1.53357
6.09474	1.5336
6.12003	1.76895
6.18459	1.81586
6.28687	1.76498
6.21494	1.84641
6.13613	1.72618
5.36121	1.66745
3.75998	1.72215
3.5126	1.4498
3.4986	1.37679
3.27493	1.05149
3.22305	0.931312
3.19472	0.863915
3.58082	1.01358
3.87942	1.17159
3.94709	0.93676
4.14501	1.35481
5.32426	1.89849
4.78375	1.8749
4.05103	1.75759
4.94206	1.91918
5.7861	1.7142
6.23877	1.55451
6.34132	1.37279
6.26761	1.50455
6.21335	1.51235
6.27244	1.42423
6.16222	1.58018
6.17459	1.49192
6.05905	1.5038
5.84407	1.62431
5.24653	1.92046
4.71894	1.87623
4.559	1.92208
4.57827	1.85286
4.55675	1.80156
4.59386	1.88556
4.48932	1.99261
4.78513	1.64344
5.10764	1.09504
5.15998	0.721379
5.1152	0.580547
4.96602	0.678796
4.85981	0.795657
4.65234	0.873005
4.66858	0.739026
4.6128	0.720849
4.53686	0.773192
3.93296	1.16765
3.89429	0.786832
4.08921	0.284343
4.21777	-0.235715
4.1996	-0.706556
4.23541	-0.624127
4.02495	-0.909562
4.1766	-0.891054
4.30347	-0.890307
4.29991	-0.803152
4.27072	-0.709266
4.33564	-0.786341
4.32814	-0.61584
4.28717	-0.730764
4.23354	-0.56043
4.5199	-0.354416
3.97633	-0.570028
3.8673	-0.306438
3.55501	-0.0299743
3.5766	-0.343457
3.45364	-0.119901
3.36042	0.252791
3.23498	0.215937
3.1297	0.331586
3.03458	0.533952
3.05112	0.529673
3.04622	0.531511
2.91629	0.597391
2.90101	0.604812
6.26236	1.4281
6.33437	2.10634
5.91132	2.2715
5.267	2.33394
5.06543	2.11558
4.90598	2.19566
4.84339	2.07023
4.59385	2.10091
4.31201	2.02184
3.86202	1.92775
3.61822	1.45246
6.23263	0.336644
5.86723	0.758955
5.9707	2.23953
5.71272	1.86163
5.64663	1.60669
6.19491	2.1031
6.37581	2.28046
6.4448	2.30674
6.5654	2.08175
6.36791	2.36704
6.29953	2.27275
6.05354	2.22681
5.64328	2.353
5.20615	2.15955
4.90698	2.06603
5.12403	1.87179
5.28596	1.70655
5.39182	1.6905
5.62677	1.85133
5.83995	2.0992
6.13672	1.92609
6.15247	2.01406
6.23298	1.85932
6.17854	1.84922
6.1792	1.80104
6.15014	1.76753
6.06893	1.78757
6.09379	1.67054
6.06123	1.60097
5.96744	1.64801
6.04201	1.59234
6.11567	1.5386
6.1355	1.54704
6.0895	1.54808
5.88202	1.55035
5.82447	1.61987
5.98848	1.56633
6.11641	1.65819
6.23772	1.76633
6.38002	1.74621
6.33436	1.92142
6.41823	1.93702
6.40244	2.01207
6.41906	2.00397
6.36462	2.04182
6.32151	1.96018
5.64893	2.40892
5.28537	1.8245
5.16349	1.97852
5.25729	1.76415
5.15338	1.91593
5.00885	1.88353
4.87964	1.92826
4.72612	1.88513
4.50981	1.88497
4.23791	1.8898
3.88722	1.80288
4.51159	1.00965
5.39674	0.670618
5.12831	1.21366
5.71353	1.91652
6.19183	1.69887
5.38791	0.753517
4.92842	-0.466698
5.41877	-0.0888247
5.93782	1.33174
6.24424	1.90144
6.35811	2.02296
6.46697	1.91924
6.3124	2.15969
6.2436	2.26059
6.09198	2.31274
5.56752	2.333
5.0378	2.13788
5.21333	1.8688
5.15154	2.02891
5.28584	1.93312
5.37314	2.20728
6.02455	2.09363
6.25452	2.29471
6.31784	2.18852
6.35009	1.9395
6.08143	1.8394
5.40355	1.89209
4.57388	1.94572
3.96181	1.99806
3.61977	1.51841
3.46682	1.19725
3.42845	1.06316
5.0577	0.380512
5.85031	0.479903
4.71936	0.335614
5.20898	1.26781
6.37461	1.17207
6.2236	1.40726
6.12472	1.69308
5.53552	1.85721
4.40743	1.40746
3.6338	1.65104
3.55336	1.66309
3.54291	1.62471
3.51534	1.50873
3.41269	1.55226
3.4022	1.65125
3.63146	1.39989
3.63348	1.41793
4.26235	0.630206
5.06425	0.00783563
4.78543	0.20807
5.29508	0.0501648
4.83269	-0.424234
4.63677	-0.0564641
4.57105	0.481889
5.07018	1.45211
6.14961	1.41102
6.12753	1.61735
6.07173	1.76967
5.15003	2.0032
5.15526	2.07768
4.92016	1.98449
5.25435	2.01658
4.64448	2.13341
4.48096	2.27346
4.39218	2.09697
4.48088	2.30531
4.29123	2.07254
4.099	1.93936
3.65358	1.77432
3.24989	1.33325
3.20338	0.833853
3.15833	0.611425
3.08672	0.624553
2.94926	0.671815
3.01827	0.614489
3.12694	0.620463
2.96898	0.725607
3.05007	0.607568
3.14942	0.543574
5.40974	0.967964
4.71546	1.07444
4.50858	0.891279
4.03583	0.860157
3.78993	0.519827
3.62696	0.82286
3.47561	1.03732
3.24857	0.819228
3.15929	0.666371
3.29089	0.720023
3.05903	0.706427
3.06138	0.391279
3.08767	0.765694
2.96821	0.318866
2.97705	0.634545
3.0546	0.696079
2.68402	0.27547
2.97128	0.445159
2.80958	0.371383
2.90494	0.462868
2.97321	0.549359
2.96359	0.391447
2.95569	0.696104
2.96919	0.719975
3.46852	0.99699
5.43935	1.4238
6.58011	1.19104
6.46976	1.84325
6.58659	1.99708
6.74249	1.95154
6.8868	1.88075
7.01031	1.63074
6.96153	1.61328
6.82112	1.63318
6.62079	1.61142
6.279	1.70831
6.05622	1.66664
5.83532	1.61245
5.63783	1.49149
5.45346	1.4744
5.34024	1.41893
5.33464	1.36527
5.2552	1.23706
5.30817	1.07861
5.31666	1.01875
5.37713	0.953427
5.6039	0.870008
5.96983	0.813681
6.36048	0.702981
6.64007	0.462232
6.77075	0.247447
6.8424	0.0659851
6.83995	0.00839732
6.82625	0.0494059
6.81777	0.179382
6.80484	0.345608
6.76942	0.565796
6.68621	0.893352
6.40087	1.28536
5.81008	1.60897
5.34176	1.56449
4.91164	1.6775
4.95461	1.57087
5.03465	1.9153
4.60467	1.89777
4.66044	1.81201
4.77855	1.69528
4.88513	1.73662
4.87645	1.97169
5.00329	1.9755
5.87835	1.6647
6.05095	2.06765
6.36869	1.91023
6.4314	1.88448
6.42176	1.87682
6.51258	1.71388
6.53339	1.68926
6.58969	1.57044
6.60658	1.52899
6.52853	1.53372
6.39976	1.54365
6.15854	1.54974
5.8636	1.41985
5.52254	1.14174
4.98921	1.03285
4.84793	-0.0930073
4.83353	-0.50376
4.77438	-0.650103
4.78792	-1.02301
5.02084	-0.929346
4.99047	-0.476998
5.00063	-0.728466
4.95617	-0.325679
4.38928	0.05611
3.89348	0.725362
4.26659	1.66208
5.00754	2.00706
4.91123	1.93907
4.89579	2.08884
4.9476	2.03913
4.94508	1.89373
4.79802	1.96278
4.67949	1.96994
4.35438	1.90446
3.79	1.79712
3.39086	1.35272
3.17919	1.04485
3.63275	0.836322
5.15334	0.63864
4.18124	0.957165
5.49387	2.11934
6.06816	1.68688
6.12621	1.6914
6.02024	1.69604
5.59694	1.82352
5.0371	1.69091
4.78952	0.904838
4.74726	0.190414
4.69928	0.00511226
4.646	0.0104249
4.69054	0.0082005
4.487	0.0490977
4.53909	0.146121
4.23283	0.391666
4.0425	1.06467
5.4325	1.77657
5.79719	2.24749
5.8279	2.08596
5.65491	2.15032
5.23935	1.90048
4.4186	1.79546
3.5896	1.49371
3.31972	1.37926
3.23858	1.11113
3.13758	0.693515
2.96673	0.988113
3.05828	0.845462
3.57668	0.813718
4.24162	1.12639
3.33773	0.929218
5.2756	1.08513
6.46038	1.10964
6.25006	1.50485
6.30341	1.3552
5.75467	1.5134
4.89289	1.9478
4.84356	2.11368
4.93718	1.96535
4.77459	2.0683
4.77477	2.03974
4.78655	1.98357
4.70042	1.97006
4.48564	1.98155
4.66545	1.52554
4.61875	1.1747
4.31347	0.858229
4.02604	0.586517
4.28974	0.400371
4.06244	0.0505466
4.01295	-0.037455
3.78034	-0.205812
3.53636	0.11773
3.33758	0.427534
3.50227	0.9971
4.4007	1.93975
4.73392	2.15671
4.95604	2.3278
5.16053	2.28735
5.34008	2.25373
5.59351	2.12849
5.5527	2.11654
5.3311	2.11335
4.96187	2.18389
4.58084	1.69878
4.48794	0.900984
4.69618	0.194143
4.93358	-0.68778
5.01678	-1.08137
5.11897	-1.16368
5.27492	-1.2947
5.38232	-1.2445
5.02408	-1.15248
5.00457	-0.992949
4.88666	-0.718878
4.27678	-0.281314
3.87028	0.653639
4.376	1.6545
4.90393	1.64519
5.04561	1.51301
5.12475	1.52391
5.2523	1.43586
5.18201	1.58882
4.95678	1.74553
4.80979	1.91136
4.95969	1.89161
5.06807	2.11556
5.30337	2.19318
5.6186	2.08083
5.91471	1.8094
6.073	1.70943
6.09205	1.70575
6.15178	1.65695
6.08547	1.79791
5.9957	1.90709
5.96846	1.85926
5.97233	1.75917
5.96789	1.96713
5.72571	1.8061
5.43686	1.82343
4.66306	1.94033
4.97136	1.68752
4.5736	1.70783
4.51367	1.62496
4.4139	1.77576
4.29444	1.77807
4.36753	1.71125
4.33381	1.5258
3.98512	1.5391
3.80923	1.35207
3.7278	1.40687
3.62539	1.21168
2.48871	0.072323
2.86147	0.312733
2.90934	0.588676
2.83417	0.446879
3.54298	1.3972
4.39479	1.9109
5.06444	2.0981
5.16492	2.02387
5.36973	2.05637
5.51687	2.0239
5.65936	1.65181
5.15352	1.79884
5.19802	1.75374
5.3899	1.66052
5.94164	1.02551
5.85484	1.37835
6.26519	1.82813
6.46292	1.99372
6.6456	1.98623
6.66839	2.07179
6.65196	1.78786
6.57634	1.37865
6.24122	1.91182
5.80443	2.12166
5.46948	1.85443
4.95408	1.60317
4.14034	1.53177
3.97101	1.20433
3.78933	0.707585
4.03569	0.347517
5.30753	0.457916
5.94586	0.622633
6.13831	0.897764
6.24945	1.07083
6.42274	1.3241
6.58718	1.55834
6.71797	1.5313
6.5912	1.5418
6.12289	1.64754
5.37146	1.69469
5.24866	0.419135
5.14223	-0.105996
5.19149	-0.478318
5.23394	-0.360317
5.24258	-0.376865
5.2066	0.309384
5.27601	1.2665
5.2671	1.55195
4.802	1.81099
4.39115	1.76414
3.90857	1.68508
3.72058	1.63431
3.55174	1.51884
3.54752	1.42143
5.01596	1.2499
5.76123	1.62872
6.25304	1.88132
6.38619	1.90468
6.57906	1.87043
6.63342	1.80828
6.29238	2.0073
5.60289	1.82205
5.70934	1.78021
5.80185	2.26303
5.20298	2.40252
3.92921	2.13641
3.67774	1.75338
3.51574	1.52692
3.43434	1.43579
3.43024	0.993632
3.26898	0.918135
3.43467	0.907748
3.29483	1.19542
3.54168	1.41723
4.08505	1.70925
4.57478	1.90636
5.16799	1.81549
5.40873	1.96661
5.6148	1.81327
5.05824	1.42236
3.87996	1.48511
3.43685	1.52579
3.40584	1.08179
5.27235	0.451854
5.43671	0.317843
5.26484	0.16877
4.43042	0.706495
4.04804	1.2186
6.17088	1.77003
6.35109	1.86097
6.61282	1.56518
6.42691	1.74536
6.38826	1.63657
6.10884	1.75803
5.73246	1.88164
5.21574	2.02016
5.01219	1.90077
4.86967	1.76164
4.61379	1.90771
4.39122	1.83862
3.86795	1.76294
4.53168	0.642048
4.75596	0.162314
4.50843	0.0418609
4.74921	-0.0286616
4.86596	-0.324593
4.88783	-0.131832
4.80023	0.638694
5.61878	1.48635
5.97509	1.51014
6.21082	1.45903
6.33037	1.4873
6.24274	1.83385
6.2593	1.93008
6.19245	2.09385
6.28331	1.92148
6.39986	1.82689
6.47267	1.82406
6.68016	1.64598
6.77617	1.50144
6.87548	1.25421
6.86139	1.06113
6.75377	0.797836
6.60121	0.551105
6.227	0.517766
5.7174	0.801485
4.86089	1.95048
4.78461	2.01625
4.70739	1.91011
4.60579	1.93579
4.24074	1.91542
3.69784	1.58428
3.42012	1.41914
3.31652	1.22476
3.29829	0.984656
5.26013	0.200292
5.61724	0.326583
5.57046	1.36439
6.73126	1.51296
6.67611	1.55265
6.70825	1.57437
6.62516	1.78677
6.4597	2.05916
6.25387	1.97144
5.49466	1.47735
5.92492	1.69037
6.19004	1.97304
5.9335	2.13158
5.31326	2.17856
4.60841	2.17543
4.52158	2.07553
4.57018	1.97435
4.87834	1.90562
5.35325	1.75099
5.80461	1.75632
6.03639	1.88245
6.19316	1.87771
6.3842	1.75191
6.44349	1.6599
6.3783	1.77348
6.25658	1.80683
5.72773	2.11291
5.10559	1.99497
4.94348	1.82133
4.89074	1.96265
4.93198	1.8294
4.93082	1.70113
5.38769	1.07904
5.47493	0.911996
5.60707	0.611591
5.7821	0.43196
5.88343	0.306961
6.11674	0.192412
6.30559	0.229014
6.50605	0.409531
6.60272	0.76589
6.70453	0.999204
6.69359	1.33943
6.75677	1.51649
6.84028	1.56144
6.71556	1.79781
6.32774	2.05796
6.28245	1.80835
6.29022	1.76462
6.63473	1.21301
6.41269	1.73031
6.70959	1.47489
6.97632	1.36416
6.96106	1.30501
6.74568	1.42408
6.51493	1.42854
6.1812	1.56445
5.82124	1.63519
5.49434	1.71951
5.27541	1.83138
5.17646	1.82863
5.03758	1.93374
5.04939	1.93775
4.87789	1.72846
4.77116	1.83162
4.76034	1.73186
4.72679	1.69708
4.58133	1.78066
4.66031	1.55985
4.95375	1.03821
5.22819	0.547423
5.36306	0.412137
5.65422	0.29766
5.94299	0.243797
6.25239	0.313026
6.42215	0.451048
6.46536	0.618234
6.33991	0.854925
6.02845	1.22761
5.56285	1.50276
5.01486	1.48529
4.6846	0.948614
4.64936	0.270885
5.22495	-0.480766
5.17104	-0.637529
5.14585	-0.552746
5.07331	-0.668417
5.08669	-0.520387
4.90922	-0.333199
4.93677	-0.225565
4.85025	0.215776
4.64411	0.491539
4.22888	0.71301
3.97307	1.13098
4.37122	1.73918
4.96807	1.63026
4.66527	1.51506
4.56765	1.53362
4.37718	1.57412
4.43014	1.63658
4.29119	1.54201
4.60251	1.38907
5.22606	0.979607
5.54505	0.888909
5.7994	0.647131
5.98838	0.354902
6.17149	0.266479
6.34321	0.277107
6.45301	0.34847
6.56436	0.558684
6.44104	0.93016
6.53507	1.02721
6.39731	1.21861
6.27452	1.27985
6.17507	1.1081
5.8685	1.25806
4.59095	1.35542
3.67476	1.17787
3.42715	0.974781
3.35517	0.857644
3.75702	0.451592
5.31451	-0.168253
4.79309	0.578576
4.17992	0.35268
4.10771	0.236388
4.02613	0.417967
5.15562	0.813779
5.65677	0.510472
5.67131	0.518908
5.27578	0.579581
4.60111	0.642678
5.11096	0.863862
3.93796	0.330094
3.78755	0.479825
3.64751	0.380885
3.78793	0.579665
3.89723	0.628246
3.98783	1.0573
4.09522	1.06145
4.20006	0.740822
4.18014	1.02186
4.30625	1.51923
4.36128	1.83975
4.36073	1.83687
4.30204	1.95231
4.20495	1.71936
4.04528	1.90388
3.92671	1.67284
3.72046	1.54677
3.62912	1.26327
3.50818	1.29635
3.5303	1.20741
3.47706	1.1529
3.23967	1.01328
3.01162	0.824918
3.04899	0.533886
3.05699	0.664746
2.87254	0.719664
3.09438	0.64538
2.85332	0.568489
