-17.3586	-9.36032
-17.8636	-1.41591
1.3808	-1.0112
-3.84097	-7.61326
-2.62828	-5.16659
0.380135	2.37161
-4.38015	2.1471
2.78963	1.53671
0.0689701	-11.4379
-6.16014	-2.36052
2.75454	4.5891
2.31321	-17.59
-16.9422	-15.2118
-9.65664	3.72099
-4.46097	-11.1684
-18.4807	6.52372
2.35648	-9.71101
-13.4528	0.524029
0.207882	-6.4851
-5.22286	-9.60063
-7.9365	0.132904
1.06178	-7.84954
-5.43755	1.19735
4.29276	-3.09437
-3.71913	-8.42565
-8.34161	2.42881
3.11854	-12.7682
-13.2471	4.52065
4.81253	-22.7624
-23.8008	-2.1297
-2.48372	1.94176
4.10307	-8.06147
-10.5081	0.525651
-1.58444	-8.55186
-4.82343	-1.34895
-3.71707	-10.8029
-11.7001	-12.7018
-12.3825	1.14954
1.58676	-25.7874
-27.2776	-0.368067
-2.16184	1.59154
-0.921463	-3.16262
-4.77642	2.1903
2.64646	3.51039
5.5935	-12.8552
-8.07895	-1.79774
1.06544	-0.842497
-2.69947	-15.4266
-16.1492	3.20023
3.75623	-3.60372
-2.99119	-22.1153
-22.62	-7.82555
-5.84906	-14.582
-14.1676	-2.81729
-9.5845	-1.7886
-6.07069	-8.06503
-10.3325	2.80338
2.80784	-5.79792
-10.1487	3.64952
2.61317	-4.81921
-5.61638	-6.27627
-6.25259	2.53927
3.42986	-15.4411
-10.8564	-12.124
-9.62307	-3.41511
-1.52254	2.91691
1.9207	-8.4613
-7.09645	-5.44424
-3.55606	1.37097
-1.3766	-8.98616
-3.84503	4.0307
2.13369	-9.90493
-9.63361	6.14736
3.96778	-2.83275
-1.43267	-14.7911
-14.3285	-10.7183
-12.9172	-0.292052
0.617285	-9.33934
-8.42554	2.34942
0.115368	3.00419
1.62592	-6.4636
-7.38226	-5.88393
-7.36594	0.276937
2.76748	-2.53078
-1.3614	-5.92451
-5.75043	-2.88033
-6.21569	-10.1459
-7.37933	-6.74197
-10.418	-11.4242
-9.6118	-6.07912
-4.08507	-5.45042
0.328335	-0.257996
-0.623165	2.96871
0.606679	-5.05754
-0.196755	-1.60291
-2.38867	-14.5246
-12.6076	-6.19139
-7.907	3.08222
2.93449	-15.7313
-13.9441	-7.53896
-11.1551	-8.81698
-4.24746	-0.652326
-6.79114	-4.54909
-4.62706	-5.43743
-6.02827	3.48786
-0.890006	-7.42304
-5.74889	3.45699
-3.20588	-7.50261
-13.8686	-7.81055
-6.96833	-1.32849
-9.79074	-10.6332
-4.01811	-8.04062
-10.0104	-3.48466
-4.148	-3.35327
-3.93575	-7.15282
-9.04146	8.73587
5.58536	6.46762
-1.66312	-8.48359
-5.52871	9.01324
-1.08813	-17.5078
-17.3863	-12.3202
-13.729	1.70615
4.66557	-3.20421
-0.894888	-2.02129
-1.47885	2.66379
-0.908088	-2.86205
-1.88077	-4.79486
0.334788	4.09926
0.652778	-2.54951
-1.185	-6.82544
-10.9161	1.20372
-2.14398	-17.3818
-13.1928	-7.20312
-10.859	-1.02139
-4.46946	-19.017
-19.7435	-6.23676
-3.90277	6.62778
6.62424	-1.39321
-0.231201	-4.1922
-5.30094	-2.52682
-1.76375	-2.43612
2.18877	-8.06305
-7.66638	1.74322
1.77945	-6.68759
-5.08931	-23.3075
-23.0141	-10.6792
-11.5092	0.142804
-1.68183	-1.06054
-0.411824	-7.81234
-1.34321	-7.84736
-7.8543	-8.09275
-6.25819	0.213703
-2.84977	-1.89907
-2.01633	1.05453
2.62784	5.72325
7.73955	-17.6596
-11.3511	-6.13765
-7.54684	3.89932
3.10926	-11.0179
-5.35748	-7.64306
-1.9201	-15.1691
-12.1134	4.14851
1.66879	-4.63828
-13.758	-10.1409
-12.336	-2.38461
0.357554	-6.48133
-0.841023	3.38593
3.32902	-6.631
-11.8811	-25.2629
-20.2264	-4.9897
1.97767	4.11493
0.511122	-2.16003
-0.389925	-6.73672
-3.96306	-6.2376
-1.76775	-0.534102
10.3698	-11.1922
-3.57361	-11.008
-10.5035	-0.373578
-3.99576	5.79357
0.735989	-13.3941
-16.6703	-16.0342
-16.2735	-3.17354
-0.0360358	0.645525
-2.66163	-1.37672
-5.31411	-3.17662
-3.40601	-8.594
-8.33078	1.64355
-4.97672	-1.49752
-5.60291	-6.41518
-13.7075	-9.84746
-7.07847	-2.83422
0.309145	-1.26651
-3.18012	-3.09475
-1.26488	-3.59935
-4.80441	-1.59568
-4.2343	-3.25974
-1.51366	-6.18741
3.23653	0.23543
0.527828	0.294713
-2.7391	4.18674
5.10396	-20.3647
-15.6394	-2.10167
-10.9063	1.09624
-4.58507	-17.1374
-11.2646	-16.0184
-16.453	-1.98732
2.51624	-1.66851
-0.703944	-0.42753
-4.75703	-6.82569
-5.88034	2.76542
0.429313	-11.3471
-11.9577	5.38879
4.89647	-10.0767
-9.28237	-11.3136
-8.99964	-1.00914
-0.511635	-24.8905
-24.9674	-9.46564
-6.7391	-8.55291
-10.4309	-3.52065
-2.55499	-7.9737
-6.83754	3.44941
4.68333	-6.9324
-5.76622	3.9227
3.64859	-3.49504
-2.86981	-15.2465
-15.7992	-6.14937
-9.57917	-3.62547
-5.70961	-13.3347
-9.12456	-12.6596
-8.36319	-16.8841
-15.8267	-3.87951
-3.15205	6.54153
4.16726	6.59451
5.34141	-3.85392
-1.08865	-12.541
-7.05625	2.69581
7.83411	-7.10507
-5.90419	-18.9734
-14.3348	-2.84892
-1.10767	-10.6325
-14.8874	-12.3192
-12.5732	-0.362367
1.92733	4.09409
2.77962	-4.23961
-4.28064	-3.28055
-3.49912	-1.46356
0.0123358	-9.98241
-8.36225	1.67302
2.58868	-14.7528
-13.7162	-19.979
-21.1376	-4.34518
-3.99148	-8.14413
-7.54072	-3.46167
-4.75042	-10.7132
-11.4918	7.21934
6.54018	-1.24969
2.51622	-7.99788
-5.15658	-1.83689
-4.87812	-4.11577
-7.34749	-2.39332
-2.3389	-9.09687
-9.41976	-10.17
-15.448	-0.225521
-0.332657	-11.1131
-14.3454	-9.3586
-8.42777	1.76443
-1.49214	1.84795
1.16094	-4.73871
-2.34606	-8.09643
-8.35847	6.13288
4.30904	-10.4197
-11.0783	-4.05986
-1.55103	-4.99118
-4.06161	-7.01455
-5.17669	0.692666
0.894795	-10.2854
-7.61523	-10.6979
-6.60002	-5.97884
-3.00849	-5.38025
-5.94208	-0.203071
11.7141	-6.00422
-7.57161	0.746677
1.73351	-6.79758
-8.97206	-1.28426
-1.84396	0.118085
-4.32369	-9.35816
-7.88474	3.43897
0.963976	-5.857
-6.79313	-11.4285
-2.51355	-2.06559
4.19382	2.21008
2.2571	-4.31365
-0.314177	-7.69425
-7.62763	3.63934
4.11434	-5.23213
-4.4902	-1.89524
-0.112042	-6.23186
-5.18384	-6.13019
-1.4953	5.28553
3.68919	-6.68857
-14.4901	-4.94222
-8.02644	-0.0980913
-0.903981	5.21448
18.2109	-6.09087
-5.61251	-6.51017
-2.70561	3.70943
3.65301	-11.661
-12.0453	2.95054
-1.775	-10.3553
-18.8128	2.14479
-0.584423	-7.26567
-9.20601	-2.91567
-4.60424	-10.9423
-11.0117	-6.6802
-4.93885	1.70256
3.50413	-3.169
-1.34838	16.662
-0.872006	-2.45185
-1.1629	-5.85348
-8.51605	-0.574368
-0.629798	-8.13348
-10.5794	-6.29883
-2.48081	-5.64506
-2.79205	-9.01132
-1.52845	-10.6886
-3.90043	5.30251
-7.79241	-7.87023
-3.10602	-0.562464
2.17009	2.64246
1.7246	0.247863
-3.59077	0.219037
-4.40464	-5.49336
-4.2403	-17.3654
-14.1291	-9.32564
-16.1692	-1.6995
0.0640894	-10.3447
-11.6416	-7.93931
-3.88359	-9.50775
-12.6846	3.13114
-0.169362	-4.92952
-3.06731	-3.0979
-0.916749	-2.04266
-6.34615	-1.6518
-1.9529	-4.32364
-6.3696	-8.64813
-5.72375	-5.53927
-5.70047	0.727481
4.06255	-17.8333
-15.9958	1.4047
1.34475	-14.6675
-11.9691	-6.73846
-6.32848	1.37916
-0.95197	-0.499897
2.0617	-2.28454
-3.21361	-2.98914
-7.87179	-2.52795
-2.46655	-16.1998
-18.6556	-18.9374
-15.2759	0.604377
-3.66335	-8.56398
-13.2051	5.99315
-0.877216	-21.8333
-17.9973	-2.85954
-0.161876	2.7556
2.78776	-7.36347
-2.52939	-3.10305
4.78229	-7.36428
-3.5693	-4.94668
-1.2831	-8.8678
-12.5353	-10.9065
-11.9529	1.41652
0.00350789	-12.4331
-13.496	-7.47032
-3.7835	-0.708832
6.99479	7.40061
3.35568	-3.14651
-5.78824	-11.3638
-9.26531	2.43306
1.49349	-5.35084
-4.63017	-3.31591
-3.59016	-10.2348
-9.8353	-20.3759
-19.7005	-1.5307
-0.177014	-9.38883
-14.5906	-2.73255
-0.88749	-17.5789
-12.4263	0.351423
1.20424	-3.88817
1.19779	-7.91737
-2.27446	-0.183033
-1.0174	-6.44336
-3.35536	-4.08165
-9.61297	-5.50205
-9.45239	-6.93761
-4.93896	8.87934
6.44906	-2.55
-18.6427	-11.4858
-15.5522	1.37411
3.45025	-5.26564
-7.30517	-5.94083
-3.33359	0.584825
-3.98632	-1.72221
-1.61023	-0.559168
1.35346	-5.16619
3.09792	-6.57303
-14.9644	-5.96424
2.35692	-3.89094
4.42427	-12.2238
-10.6363	-6.62597
-4.41189	-1.67727
-0.362479	-20.7519
-16.843	-11.4322
-16.6962	5.09804
2.9695	-3.82128
-3.07071	3.85892
4.4521	5.3751
2.37599	3.72963
2.07135	-10.1175
0.171878	0.917234
-4.0986	-21.3654
-20.2309	-7.2486
-8.01035	-3.45609
0.443738	-1.52099
0.516961	1.88894
-0.827968	0.73912
-1.68695	-3.72062
2.23874	-0.761964
1.33082	-10.3897
-10.0769	-0.978003
1.02053	-6.48778
-5.78271	-1.64914
0.589147	-9.12413
-15.4357	-2.5888
-6.1188	-3.78397
-1.47558	2.9798
-5.27373	-9.88678
-10.7931	1.66042
0.904049	-10.2801
-7.47698	-0.572869
0.0431788	-0.137349
2.10251	-0.279356
2.17205	-11.4338
-6.87171	-1.14616
-1.26764	-8.51111
-6.78618	-12.9957
-12.0531	4.82087
1.20235	-9.61434
-8.62677	-14.4203
-14.2149	-16.8226
-8.80742	5.03776
4.15479	-0.91901
0.0113564	-11.5395
-11.3886	1.72101
2.17808	-2.49974
-0.854612	-4.18745
-3.41053	-3.28655
-7.53583	-8.26616
-8.45909	-1.19082
-2.68325	-7.52353
-3.79069	-0.736774
-2.33732	5.17603
-6.53849	-4.25539
-6.45203	3.22556
2.49049	-8.25923
-8.34434	8.07244
7.85457	-11.6887
-8.37208	-5.9302
-4.74582	-0.622145
-3.5025	-7.73881
-4.23854	6.08094
3.92343	-2.12678
-4.68591	-11.2129
-9.77992	-4.49123
-3.96068	-2.54276
-0.764181	-13.3011
-4.58282	5.90281
6.2966	-2.20758
-6.26795	-7.36826
-1.13025	-3.21439
-1.94968	-10.0794
-10.4892	-4.10765
-3.38608	1.31662
2.13182	-21.4778
-15.7586	-16.6095
-15.3787	-10.5764
-14.3527	-0.764689
-5.42615	-1.23621
-0.685542	0.432368
0.792524	2.82323
0.796466	-2.44737
-3.59911	-3.41627
-2.76381	-3.4923
-5.56989	-11.3085
-12.0899	0.10727
1.58602	-0.383426
-8.80427	-9.94536
2.20801	-5.43871
-3.11877	11.082
3.3596	0.505102
-2.6601	-8.35288
-10.5644	0.0828815
1.55352	-5.0711
-7.24277	-2.74026
-1.63588	-11.7559
-12.1877	-13.0337
-9.14325	1.38965
1.09848	-23.8172
-21.0961	-6.66309
-6.20021	-9.14328
-10.6567	-7.12328
-3.42387	-0.838605
-1.52031	-1.55853
-2.41104	-4.79511
-5.34669	-1.2182
1.90434	-2.94543
-9.36865	-6.3461
-6.89676	-1.21923
-1.1483	1.85326
3.43473	-15.4539
-12.111	-16.0079
-16.1787	-9.96041
4.32712	-1.93396
-0.0501888	-1.78649
-1.35111	0.37765
4.17516	-4.78159
1.28237	-5.37286
-6.7135	-7.14478
2.62847	-27.0257
-24.25	-6.21795
-8.13351	-9.35631
-0.415906	-1.60957
-0.0376326	-0.19821
2.04238	-1.89583
-2.39833	2.32851
4.65419	-7.75467
-6.06546	-9.33992
-12.6254	0.076738
-1.69006	-2.21749
-2.58979	-1.03094
-0.952727	-5.7097
-5.59567	-22.4989
-23.9277	-0.104559
-2.58885	0.923476
0.0244203	-0.461892
0.235992	-2.21053
-4.42695	2.62847
-1.65733	-10.0068
-3.37765	-7.66662
-6.10785	-15.2559
-17.968	-12.0786
-9.9636	1.71586
-7.42003	-16.5534
-15.8622	-12.6021
-15.1854	-1.7902
3.5662	-3.57485
-4.21181	-0.253784
-5.24841	-3.15621
-13.808	-10.2382
-15.612	2.57352
-1.05942	-6.01848
-3.72864	-2.70984
-2.88215	-0.436161
2.76978	-3.75133
-4.81156	-1.80122
-1.65898	-1.81911
-2.47386	-9.18092
-7.37515	-2.9181
-2.48203	-0.425667
3.8211	-2.68087
-2.43723	-3.15119
-1.87366	5.64563
3.25887	-7.5139
-9.06676	-3.46408
-6.86173	-7.95393
-6.52987	-6.95875
-8.3425	2.18786
1.97239	-0.307146
7.40213	-1.5443
4.78746	1.07459
-3.72816	2.29512
-8.09223	-16.8755
-19.2844	-4.25565
-9.94572	-5.91684
-5.42762	-5.85148
-6.1228	-0.917045
-2.20724	1.12906
-0.61485	-4.70676
-0.348538	-1.53112
2.67527	2.9236
0.335391	4.59545
-2.77394	-7.84596
-9.41689	1.7903
2.85003	-9.03222
-9.9309	-12.7073
-12.1746	0.980568
1.42808	-24.8661
-23.646	-0.679076
0.801013	-4.78462
-10.0309	-6.85879
-3.97419	-5.06499
-0.155042	-9.21542
-13.0791	3.82037
4.87012	-5.67948
-6.83404	-4.19526
-3.2912	-3.07385
-1.60671	-5.82624
-5.71847	2.31405
-2.06451	-16.0506
-11.754	-7.08601
-4.49296	-8.89094
-9.98672	-1.93864
0.147063	-6.57791
0.444391	1.69147
4.68372	0.41668
1.10001	-12.9461
-2.79683	0.0992575
-0.747909	-14.6933
-9.25248	-7.6851
-15.6554	-3.00048
-3.95276	-16.4044
-13.9733	-2.55627
-1.14427	-2.69129
-2.79294	0.779433
-0.828521	-3.96066
-4.36924	-13.562
-14.3059	5.0975
1.69056	-1.48183
-1.76513	-1.87082
2.08916	-25.8213
-24.8711	-14.9905
-7.84874	-3.69653
-4.02825	-13.4973
-8.97884	-0.0888531
-7.63602	-5.35207
-7.20591	-6.05236
-6.49671	6.25231
5.91744	-3.19519
-7.10286	1.52116
-0.572431	-9.25741
-7.34986	-0.509785
-4.86928	-12.451
-15.9637	-7.69804
-9.13798	1.29364
-2.35441	-20.0769
-12.6392	-9.26872
-7.59921	1.29855
1.68716	-2.47144
0.188956	1.39046
6.33206	-16.1482
-14.8141	-4.09166
1.27972	-8.60455
-8.60577	-5.09608
-4.20192	-6.46637
-4.99125	-11.1202
-10.2086	4.10519
2.49323	-13.8387
-13.7147	9.19097
6.796	-16.4553
-10.8301	-3.04204
-4.6001	3.5599
0.909197	-7.45074
-4.07794	8.5631
9.51907	-10.2487
-11.2672	-2.97158
-0.294818	-4.71238
-4.24551	-2.53943
-0.944179	3.9356
3.12118	-11.0231
-9.02549	-4.07246
-6.49704	-1.65085
-6.63535	-3.75192
-3.65964	-3.25306
-8.56294	-10.5472
-2.03907	-1.54442
0.61966	-3.56379
-1.53792	-1.84824
1.13663	-20.1536
-17.0475	-5.68898
-3.28895	-4.10091
-0.671194	-13.5899
-21.3741	-8.65474
-8.2869	-5.24501
-6.10509	-4.3878
-6.4293	3.29345
5.02122	-0.795118
-3.09038	1.42722
3.3923	-7.16676
-6.50929	-6.05981
-2.76573	-13.3953
-14.6513	-10.2257
-11.3758	-1.85681
1.48137	-7.93657
-12.5646	-7.44596
-5.38343	-0.205538
-5.61517	-1.73827
-2.19152	-4.41795
-10.8476	-5.93843
-6.20683	1.73255
5.13006	-10.2921
-10.464	-2.337
-0.244023	-6.42612
-2.9086	-18.1227
-10.9405	-9.30904
-1.43665	-7.98325
-6.92741	-5.95537
-14.4365	-9.89745
-5.25658	-3.18948
0.4689	1.65053
0.540636	-3.78561
-0.707437	-9.64262
-2.46639	-5.3538
-2.44694	0.540322
3.50451	-21.9051
-21.0735	-2.88128
-3.5121	-3.51015
-8.45582	-9.34274
-4.9304	-7.58065
-3.72666	-13.1665
-10.6714	4.53413
-2.14344	-1.40809
6.76153	1.24744
-0.706004	-1.53762
-2.41913	-2.06168
-3.82964	-5.43914
-7.36387	-0.972923
0.544894	-10.386
-9.68213	-14.7129
-9.97864	-9.26766
-9.29018	1.76483
0.8592	-10.6367
-10.6283	-2.15872
-1.01416	7.47059
9.01703	-7.61831
-13.3127	-5.15847
-1.04255	-0.933508
1.33025	-2.03824
-4.3861	-6.02069
-5.1727	-19.9423
-20.7158	-3.57673
-2.95815	-3.02855
-5.29585	0.162382
-1.23221	-0.0979762
-0.642749	5.17512
3.29769	-8.64163
-3.0571	-2.9628
-6.03098	-3.99422
-4.93832	-3.07504
-2.35406	2.47639
-1.10509	-12.9178
-15.7624	-14.7275
-15.4123	0.315909
-2.44596	-2.66736
-4.02308	-5.09013
0.257982	-1.94889
-4.92195	2.37383
0.176484	1.58826
3.14019	6.58695
6.77908	6.4937
-10.2262	-4.77772
-1.76777	2.75838
3.13851	-25.6177
-24.1451	-9.80986
-11.1987	-10.7526
-10.921	-8.28134
-5.06751	-10.6141
-11.7017	2.5371
-0.26998	-7.92398
-5.50094	1.08316
-2.71676	-2.17157
-2.43928	0.957003
6.8149	0.30466
2.22141	6.65488
5.22912	-16.74
-18.5991	-11.5321
-15.1601	-2.09552
2.09468	-4.17152
-3.68383	-8.74616
-2.55886	-3.42925
-13.2522	-8.23944
-15.31	-1.20739
-5.26394	-2.22939
-7.56002	1.68411
-4.53904	-5.3969
-5.30932	0.813394
0.129137	-3.52489
-6.14696	-0.338752
2.00513	1.40533
4.84715	7.28241
-3.78539	-2.55829
-3.79477	-3.01282
-1.55624	-0.489577
-2.42074	4.04482
-0.329867	-3.22919
-4.72942	-10.025
-14.3547	-15.2409
-13.6392	8.29453
7.8702	3.50044
2.28131	-10.1517
-8.23679	1.14622
3.83396	-6.00122
-7.61547	1.59666
2.54752	-7.83135
-11.7552	-2.92484
-6.45711	-1.44919
1.516	-3.30577
-2.90741	-9.28392
-1.51831	5.86219
3.37658	-3.22935
-3.43655	3.72886
-3.90447	0.628051
-7.71111	-1.10664
-3.95376	-3.13257
-2.24724	0.487107
1.52296	-5.90642
-6.70467	-19.3725
-20.8174	-1.83364
-0.221605	-10.2149
-8.89911	-11.1099
-8.33138	-2.31116
-1.3952	-3.78842
0.2737	-5.44585
-6.94723	-4.32986
-4.40352	3.73908
3.50306	-9.10558
-7.00278	-2.28035
-1.1461	-1.53719
-6.72189	3.81845
4.96735	-8.43353
-4.17895	-7.60358
-7.25149	-11.5597
-16.3927	-5.98676
-9.11045	6.6669
6.51249	-4.0327
-6.48857	-3.98956
-1.39658	2.54546
1.15586	-8.82457
-4.98663	0.911599
2.5831	-4.17463
-5.21147	-3.77124
-3.4235	-2.00237
-6.79242	-2.31635
-2.97479	-5.41437
-8.30528	-6.91828
-1.54	-0.207481
-2.26869	-0.93977
4.88515	1.95233
0.100294	-0.50074
-7.54604	-1.94677
-2.1466	-8.01757
3.40502	-17.3255
-17.3275	-12.2715
-12.723	-7.82779
3.52787	-4.97763
-12.7469	-12.5068
-8.77966	-14.2491
-17.1246	9.14314
10.9243	-7.832
-7.86887	1.4678
2.82884	0.764148
0.917738	-10.2251
-8.89366	-2.01889
0.222789	-9.56941
-8.27124	-5.87192
-4.34497	-6.09338
-4.24896	-16.8164
-15.2159	-11.3369
-13.6364	-2.9493
0.76375	0.766435
-4.04534	-5.62217
-6.04894	-0.106223
2.82936	2.84875
4.64007	-4.71371
-2.70303	-2.50461
-1.89015	-4.61423
-2.46127	-12.5344
-13.2033	-6.28786
-7.72562	-7.67774
-5.86686	-4.82408
-2.88756	-4.56091
-5.00111	-6.04151
-7.99899	5.77748
3.54472	0.405809
-1.2122	-5.20397
-0.287285	-0.780416
-2.62013	-1.56319
-5.10902	0.44207
-0.213062	-10.0894
-7.75931	-12.1749
-10.4851	-16.4536
-21.1452	3.26331
2.19217	-2.76908
-8.9191	-9.14248
-1.56364	10.6486
6.92764	-15.8645
-14.832	-0.617449
1.5866	-6.02624
-7.27325	-2.73621
-0.89655	-3.17613
-2.58334	-8.05153
-9.10597	-1.29908
-1.65482	-7.82547
-6.86005	-8.37351
-2.88611	-4.79684
-3.09425	-6.7412
-5.80279	-2.64148
-3.00049	0.448379
-1.77714	-7.82366
-5.23226	-8.15334
-7.48328	3.57933
1.99689	-6.41555
-4.3118	-17.6668
-19.5168	4.49999
5.00213	-2.3184
-0.932163	-4.55611
4.71351	-1.98459
-2.52876	-5.12299
-5.68756	1.21892
-0.798726	-0.442556
-2.00488	-14.0926
-5.49409	0.54209
2.62485	3.97889
5.33746	-17.1818
-16.3406	-14.1598
-17.6204	0.552561
-0.679602	-2.98998
-8.49336	-6.97675
0.794679	-2.34436
-7.52481	-7.1737
-0.778835	-7.28043
-5.66976	4.81511
-16.9881	-12.3469
-15.068	2.95256
1.92075	-3.1707
-3.89401	0.426897
-5.4935	1.6415
0.899353	-10.0761
-3.27887	-5.35737
-3.19721	1.67365
-2.10283	-1.94404
-6.13796	-1.66321
5.13949	0.537162
-1.91991	-13.5814
-24.2163	-10.5183
-10.8444	-6.27323
-3.37214	-4.26155
0.0569894	-11.4418
-9.55384	-8.83754
-13.4569	-6.74159
-7.6641	8.91772
6.38856	-4.67665
-6.27356	2.97949
4.26668	-14.2678
-12.8083	-3.52836
-1.80827	-4.01927
-5.14511	-10.4059
-7.4968	5.40928
5.12412	-12.3553
-13.4055	-0.635011
0.0330244	-24.6857
-23.868	3.01356
4.15987	-2.02053
-1.95904	-14.4456
-17.9907	4.28226
2.57578	-4.05237
-4.8655	-3.24629
-1.98213	-12.0845
-12.504	-6.19716
-11.0247	-2.7522
-4.78389	-15.163
-12.6758	-3.19103
-4.13868	-3.93552
-2.08086	7.52476
3.925	-6.07623
-5.60496	-10.221
-12.5566	0.28681
-0.936394	-1.6425
-3.13072	2.47607
1.49933	-6.22552
-3.83354	-10.7887
-7.99949	-1.72091
-1.86995	-1.94056
-10.1937	-4.6052
-6.34668	-4.23191
-6.23369	3.25826
9.09279	6.58465
-4.08098	-8.72284
-9.94626	-8.52314
2.08498	-0.398154
-5.86753	-3.38968
-5.25415	-6.37212
-9.27587	-14.3594
-9.23025	-3.59735
-3.32596	-13.4425
-11.0603	-5.12436
-6.35801	-2.83615
-4.11815	7.40066
4.77353	-12.9736
-12.9681	-7.54622
-9.60585	3.22205
1.18573	-4.72194
-8.79924	2.38867
3.61002	-4.8681
-5.08014	-16.7483
-14.759	-7.98606
-1.56499	-6.73398
-6.07062	-5.07594
-1.30188	7.32266
3.95648	3.47933
2.61349	-3.60917
-6.49545	-7.99838
-5.29679	-4.06881
-6.79955	1.22479
1.90033	-0.633321
-0.905	-20.2809
-19.5477	-6.25762
-0.0383995	4.65415
1.49175	-19.8384
-20.8787	-3.58349
-9.50935	-4.60141
-5.88785	-12.3405
-11.2765	2.98406
1.51905	3.71796
5.92011	-0.000357964
2.6401	-13.788
-14.7411	6.41318
6.90575	-9.55715
-8.79793	-11.7619
-15.1036	1.03072
-1.76378	-12.9815
-12.0011	-8.74515
-6.29733	-1.77567
1.52672	7.82581
10.0059	-7.82074
-0.0756683	0.54079
0.89308	-2.93191
-8.98424	-10.6896
-1.03109	-0.66557
1.97486	-23.6632
-23.6487	-11.6718
-9.26394	-7.31353
-4.18485	-5.41708
-10.8779	-14.8274
-5.3737	2.45475
0.617884	6.54974
2.99638	-2.24748
-4.74594	3.91682
-2.8224	2.27731
2.72077	-11.2433
-10.2605	-0.300486
-1.85818	-6.83078
-7.84156	-12.2392
-3.30872	-10.0917
-7.69421	-0.999348
-2.30289	-13.0261
-12.6856	-5.80157
-6.51493	6.36056
2.16354	1.69908
1.79826	0.148428
-7.87471	-1.6446
-4.32661	1.7453
4.88236	3.1017
3.69936	-17.2206
-18.3543	-17.3327
-18.3464	-2.9955
1.33698	-1.3429
-10.7717	-2.51758
-2.8326	0.13597
-1.78782	9.08288
6.38848	-6.70101
-9.29691	-11.494
-12.7539	7.00162
5.19713	-7.01514
-8.38001	1.14343
-0.824955	-7.06965
-7.49878	-22.3255
-22.4308	0.0316851
-2.26832	-11.6537
-4.63488	-14.0811
-12.73	-0.888504
-0.529275	2.23808
0.802939	-3.16043
-2.06093	3.57278
6.40854	-3.86882
-4.40418	-4.40449
-1.86987	-2.66039
-4.9779	-10.4705
-8.16643	6.88099
6.02934	-4.23598
0.728899	-20.16
-16.9612	-7.55707
-12.3015	-12.9012
-4.85991	-4.18944
-4.1506	-1.42635
-4.99873	-3.25955
2.30706	0.0343591
-0.556668	-4.58793
1.2326	-3.64428
1.37679	-17.7881
-19.3113	-15.4779
-14.6727	-1.98152
2.12482	-7.26771
-5.86815	-4.71718
-3.9122	2.34637
-5.41511	-3.46905
-1.8502	3.65374
1.53904	3.15112
-2.24876	-0.48047
-8.63205	-0.774427
-5.45106	4.88015
0.302601	-16.2701
-20.059	-16.7995
-12.9583	2.63832
-2.05092	-6.57965
-3.93482	-3.26448
-7.12338	-2.51351
-4.95008	-5.07307
-0.413912	1.35711
0.631597	-3.61444
-2.92822	0.682716
-13.7653	-9.17862
-13.0615	1.0614
0.877808	0.456411
-3.44522	-3.07966
-6.36516	-1.35151
0.560779	-0.183429
-2.15006	-0.836988
1.85944	-1.24396
-6.77075	-12.4724
-8.13688	-11.1613
-6.12737	-6.38239
-5.81877	-16.3002
-13.5456	-14.9882
-18.4484	0.00905467
1.88673	-18.1088
-20.106	-4.05383
-8.43686	6.47339
4.79591	-4.79097
-7.47099	1.61022
-0.8625	1.79313
-4.51631	1.13173
-2.61551	-0.26104
-0.86126	-0.403261
0.215525	-22.8649
-19.8289	-16.3517
-0.541579	4.84904
2.55178	-24.3771
-23.2662	-4.33994
-4.0818	-3.99752
-4.09715	-2.92519
-2.81379	-1.71618
-2.45522	-1.48498
-7.04107	-1.86939
-9.88696	-4.42538
-4.89959	-2.25048
-1.8756	-16.1609
-16.705	-12.3218
-14.6276	-2.86753
-1.57913	-12.5122
-21.0114	-13.7962
-15.105	-2.61117
-3.08588	2.42841
1.45151	-7.00709
-8.18671	4.64686
4.87935	3.87057
-1.57541	-2.82713
-4.56107	0.83546
-0.585362	-11.4494
-13.9409	3.25052
-0.433086	1.48638
-2.63311	-6.77003
-2.08154	0.265871
-0.889395	0.771598
-0.15648	-1.61564
-4.22689	-3.42065
-10.2097	-4.19106
-3.66456	8.50121
8.82282	-7.2137
0.847582	0.598149
-4.64864	-2.1444
-1.55884	-5.02959
-5.41803	1.5554
0.51365	-11.4936
-11.8775	-0.70935
-3.46037	-11.9222
-13.8396	-1.21935
-1.81418	-4.53776
-1.8675	-5.95293
-2.20299	-0.564333
-0.633371	-5.30674
-4.16313	-0.632274
4.215	-18.9261
-20.0389	-5.91698
-4.17147	-2.79528
-1.71646	-1.46882
-10.2939	-8.72736
-7.88388	-3.52703
0.066664	-4.81316
-4.297	-5.85715
4.56802	-1.67439
-2.30054	-3.93686
0.164297	-1.15356
-2.78972	1.69211
-1.30844	-11.1663
-11.5423	2.7391
1.70208	1.29903
2.73878	-28.0372
-26.4427	-2.40445
-2.63273	-8.41541
-6.89772	-4.36288
-4.00937	0.66018
0.335061	1.9461
1.20884	-3.52885
-3.51604	-9.93737
-11.0672	4.72965
5.34885	-12.4444
-11.0764	-12.038
-12.1066	1.76129
6.72304	-16.9018
-21.5362	-0.298667
-4.22458	-18.0208
-16.8892	1.39359
0.709602	-3.24929
-4.37937	-12.3142
-12.876	3.1739
0.689129	-5.23064
-4.44941	-4.60704
-5.15799	-5.18453
-5.06253	-11.5741
-11.7514	1.0451
-0.429635	-15.1706
-17.0463	-7.60557
-9.16548	1.42662
0.484862	-0.224569
1.28295	-9.48554
-11.2825	1.64054
0.841121	5.13238
2.11322	-2.95236
-2.67788	0.552562
-1.79484	-15.3935
-13.1696	0.32143
0.156555	1.52102
4.94527	-12.0647
-16.1637	-14.2961
-11.4571	-1.80101
-1.1032	-3.08427
-1.93729	-0.246705
-0.873665	1.62986
-3.23153	4.50894
-2.10189	0.201213
0.20118	-3.52769
-2.40377	-7.86726
-7.3832	-12.6205
-12.0694	-8.39665
-9.78993	-9.09568
-7.02073	-11.5853
-9.72056	-13.4706
-16.0258	1.08979
1.83757	6.13049
5.87886	-3.00414
-1.7743	-2.86979
-3.19374	-5.49215
-5.84747	2.71176
4.34801	-5.82366
-6.20395	-15.5857
-15.7905	-6.72409
-7.76826	-10.4342
-9.69034	-5.24423
-5.4295	-11.8047
-11.5989	7.46384
7.88841	2.69263
2.90892	-5.63483
-6.33912	-0.792087
-0.427931	-2.03427
0.643898	0.377284
-2.85482	-14.6442
-16.7093	-2.57505
-2.54663	-7.74021
-1.78057	-1.88357
-6.006	-7.3393
-10.7197	0.0260155
0.0281256	3.77748
2.26183	3.9632
1.08659	-4.65597
-4.87261	-3.34793
-0.986501	-3.44764
-5.1294	1.88876
0.190224	-3.78891
-3.41013	-11.3639
-9.26144	-2.22495
-0.493	-3.58298
-3.36777	-8.08252
-8.56223	-12.7788
-10.5683	-7.00789
-10.0073	-8.66908
-7.11503	0.56413
-2.59049	-0.00190649
-1.40974	2.61185
-1.19966	1.07942
0.680912	-18.2721
-17.552	-14.5769
-0.0540496	-1.46359
-1.78254	-20.8062
-19.8009	-8.48373
-8.12233	-4.64497
-14.0547	-10.4851
-6.96231	2.65559
2.47531	-4.14812
-4.32198	0.714528
-3.09723	-5.88288
-6.96782	-2.82908
-5.07033	-1.49783
-9.28001	-1.50205
1.56651	0.514629
-0.022285	-2.92604
-2.03589	-8.43903
1.73537	-7.45531
-7.06328	-7.69377
-6.18834	-10.3188
-0.346232	-3.17088
-0.526573	-2.68197
-2.44745	-0.112494
-0.853352	-1.61871
0.39948	-16.3396
-13.373	-8.04195
-11.6241	-1.81131
-1.22117	-12.3297
-4.75653	-4.93447
-4.63044	-8.60719
1.07247	-2.33948
5.22304	-6.69251
-7.087	1.35632
1.17932	1.41878
-0.0837331	-10.9264
-14.7865	1.26753
3.69529	-16.2227
-17.9731	-5.83627
-10.3412	-9.42483
-11.2054	-12.7256
-6.73691	-4.57623
-3.25017	2.60372
1.27128	1.68446
-1.8067	-4.14334
-9.2633	0.694909
-2.49286	8.72996
-2.07316	-9.33881
-7.03846	-3.87134
0.492141	-9.22014
-6.26107	-15.7267
-22.2959	0.979821
0.854611	-6.74528
-7.64504	-9.03874
-2.68368	0.762825
2.70537	5.67552
1.62225	-0.289126
-8.73698	-8.22774
-0.772469	-2.62106
-1.51507	-4.29588
-5.55092	-3.1743
-4.50882	-4.37336
-5.09214	-5.43241
-4.91093	1.99732
1.53447	-7.68261
-5.05172	-6.37479
-5.80496	-6.25335
-3.56023	-7.39399
-7.86155	-8.0998
-0.847536	1.6471
0.685604	1.71296
1.37453	-3.75832
-3.13194	-3.99814
1.87012	-24.3501
-25.3392	-7.21405
-4.2719	-11.8523
-11.2245	2.10392
-8.14303	-7.158
-4.66286	6.13777
-1.8718	1.51545
0.884805	3.06698
2.82718	2.03647
0.615113	-5.18416
3.60407	3.23991
-0.632304	-3.52236
3.50683	-17.0262
-17.3299	-16.0863
-14.0524	4.92302
2.56267	0.326868
0.231926	1.09865
-4.04533	2.7261
1.78267	-1.26012
-8.1797	2.49552
-1.04565	2.45071
-17.4587	-10.2891
-14.6556	-0.392635
-3.42734	-10.6628
-7.50691	-2.52841
-0.200977	-0.671149
-2.25974	-1.43612
2.05952	-3.08448
-4.19897	-1.77556
-9.27313	-7.92391
4.18856	-2.24329
-2.0447	2.91528
-5.06944	-6.84922
-8.19078	-2.89674
5.80125	-1.62311
-3.40399	-11.1393
-15.2415	-9.66148
-11.8007	-6.54525
-9.81632	-11.0799
-6.13705	-3.3586
-1.18067	-0.879837
2.97582	-8.80641
-8.74142	-4.25411
-7.20786	2.49781
3.73101	-9.94574
-8.12573	-17.6985
-18.3327	-2.37185
-1.27634	-7.90064
-10.9625	-7.85935
-7.77309	-18.0826
-18.9181	-0.818139
-2.45508	4.30141
4.48612	-6.53953
-5.30047	-5.49457
-6.92479	-2.09961
-1.62759	-0.96704
-0.843284	-4.52376
-3.94081	-14.8885
-13.8231	-12.2653
-9.98737	-2.3624
-1.00401	-11.2993
-7.04043	-6.43267
-8.87895	-5.11711
-6.54277	4.26341
-2.40811	-1.02122
-9.70724	-15.2516
-3.10228	-2.63576
0.41279	-0.517734
0.515142	-15.9236
-5.07962	-9.34361
-10.2272	-10.9704
-12.1308	-1.64592
-1.52836	-14.436
-13.2971	-19.6148
-21.7028	5.39575
-3.58441	-0.011114
0.70347	-4.86361
-9.06807	-3.32652
-0.981402	-3.06446
-4.29323	-4.34092
-3.99878	-20.1091
-12.9642	-15.2259
-10.1523	-5.886
-7.94644	-6.2915
-6.62181	-5.90988
-5.09184	-8.57069
-8.38502	7.8356
8.33023	-4.73172
-0.830035	-9.2654
-3.75913	-9.03191
-8.96836	-1.23262
-0.559349	-1.12563
-0.577481	-6.83522
-4.45741	-13.5684
-10.7269	3.96902
4.92674	-8.90375
-9.40027	1.81503
2.98627	-22.6938
-22.821	-8.79655
-6.37994	-7.82113
-7.19969	-1.24546
-1.91512	2.67368
2.25439	-2.84232
-2.38046	-4.71888
-3.87206	-7.19673
-6.81927	-7.73337
-9.58322	-0.757373
-10.6867	-13.1528
-9.76958	1.00649
2.92593	-4.88073
-4.15462	-9.19123
-8.65659	0.251226
3.22193	-4.24618
-2.52849	-1.78968
-3.25363	-6.60516
-6.35298	-7.08602
-9.30692	-2.88825
-2.09404	-5.9407
-6.92573	-1.83467
-0.993121	-6.75426
-3.781	-5.88441
-3.63601	-1.61776
-2.87424	-2.63242
-11.4478	0.605328
4.81008	-2.1361
-1.45439	-6.7368
-7.14749	1.14533
0.563457	-0.6679
1.26529	-9.01907
-8.69803	-10.3908
-11.8419	-6.62435
-11.0866	-8.78817
-5.99467	-4.5336
-4.22629	-9.66612
-10.1136	5.05912
5.46597	4.65889
2.74992	-6.77426
-8.60843	-1.95293
-4.19413	-6.56618
-5.42238	1.21259
5.39942	-8.31441
-5.80826	-18.3885
-19.4375	-10.5801
-12.587	-0.934192
-5.1287	-2.64251
-5.776	-8.66323
-11.6433	8.78209
6.29616	0.270705
0.0586627	-7.06682
-4.83472	-5.2262
-3.7626	-1.69141
-1.41807	-2.38233
-3.07864	-7.67795
-5.41805	-21.3493
-21.8383	4.75882
5.66564	-13.0132
-16.8834	-2.16202
-1.69614	-9.40405
-9.85926	-1.67074
-2.74157	-4.2102
-6.24008	-5.30545
0.470904	2.96304
-0.510155	-1.00601
-1.83024	4.73284
3.74804	-10.188
-19.2475	-2.94111
-6.61698	-1.59142
-4.39313	-1.32008
-2.49088	-5.52519
-11.3878	-10.3973
-1.36464	-4.74657
-2.52382	-0.391331
4.54718	5.69812
-1.4464	0.264485
-0.0250267	-5.46402
-9.7946	1.608
2.80281	-9.27633
-11.7187	-2.23963
-5.00541	-0.91466
-0.761194	-20.8017
-21.3424	-8.77872
-12.9711	-1.81453
-3.39153	2.37895
3.13163	-3.54474
-7.31422	-3.25577
-4.21017	-0.831634
-2.68193	-17.6863
-7.46861	0.0901277
-6.89903	-23.6408
-25.2417	-13.5759
-12.3044	1.34158
6.8272	3.92503
-12.7121	-11.2945
-8.06371	1.03556
-3.32343	1.69608
5.51271	12.8778
5.18858	6.40081
-9.71021	2.99345
-3.9993	-4.30741
-7.15882	-3.08429
-0.697361	-1.12895
-2.50752	-16.2714
-16.8541	-4.84441
-3.31488	-9.27322
-8.74962	-2.5941
-2.70763	1.69466
3.40055	1.39124
4.16304	-10.1907
-6.84476	-9.77308
-9.36163	9.48804
6.74113	-8.13995
-1.89012	2.561
-2.94985	-15.2629
-17.3363	-10.4708
-10.1654	-5.91449
-6.43466	-10.9924
-11.3098	-4.93243
-5.79462	-0.640626
-5.56546	-4.9657
3.52603	10.4193
1.40451	-3.70056
-4.31296	0.181233
-2.62391	-1.71327
-0.939488	-0.373823
-3.24862	-6.34208
-6.11933	2.73785
1.02475	6.60971
4.53556	-6.44835
-7.90711	-8.35741
-10.3048	-12.0801
-4.19758	-1.31887
-4.74884	5.43193
-1.03319	0.860986
9.29319	4.06634
1.75435	3.0595
-3.01485	-2.39492
2.4011	-17.0816
-8.92723	-20.3711
-12.3963	-2.84251
-0.662367	1.698
-10.1497	-3.22206
0.426065	-0.312004
-4.71915	1.18304
3.40135	-7.57228
-0.462078	-6.91503
-5.98315	-2.88026
-3.66248	-6.5705
-7.58731	-3.68748
-3.6417	-2.15287
-3.44865	-3.62434
-4.65951	5.1696
4.75112	-1.85782
-3.85272	-4.89519
7.01476	-12.7164
-19.1821	3.02818
-1.66047	12.7979
12.0245	-1.01146
-0.840386	-1.74414
-10.2598	-4.27401
4.36733	-1.92141
-9.11164	-4.06621
-2.12668	-11.9627
-14.365	-4.45023
-6.14846	-11.9513
-7.66942	1.91623
3.06327	-15.8978
-12.1135	3.1021
-0.250887	4.45674
5.35679	-4.1453
-1.94519	-4.05513
-3.19043	-10.0308
-2.35784	-7.14501
-2.45407	-0.789894
0.164736	-9.53884
-3.89953	-5.11781
-0.843201	-14.3631
-12.2825	0.934746
0.574915	-0.660813
-1.42425	-0.0637404
3.56646	6.64104
5.7777	-1.35614
-5.79571	0.947099
-6.96846	-3.17936
-5.99935	-1.8244
2.65502	-15.1706
-14.7767	-13.2826
-16.0648	-3.30017
3.63276	-2.42459
-9.48993	-2.10912
-4.70519	-5.55367
-3.73123	-3.85965
1.94528	1.21733
5.02659	5.25597
-17.6652	-13.3481
-16.0819	-1.22447
2.05878	-4.2484
-6.26312	-4.03062
0.577348	-3.01792
-1.9247	-1.92714
-6.93177	-9.24376
-10.0086	-12.7072
-12.3083	3.94885
3.76743	-9.59998
-5.76961	-2.6077
-1.61234	-11.2813
-11.0179	-23.0692
-27.105	-2.25523
-6.73453	-3.4356
-3.18202	-1.18754
-1.16425	-5.56461
-4.84408	0.287275
-2.07454	6.20903
4.03969	-10.5025
-11.3793	-4.33301
-3.42576	-4.86649
-1.35309	0.634284
2.74032	-11.965
-12.9093	-21.6853
-22.1742	-6.31621
-4.25027	-5.82829
-8.46373	-5.0138
-6.90633	-3.25467
-5.0411	2.19879
0.860934	-1.37016
-6.88858	-7.24092
-4.83605	1.90736
0.224276	-1.78609
-2.75464	3.91864
2.38043	-15.4048
-17.92	-12.7578
-7.63859	-15.0225
-14.3181	-3.76333
-1.6474	-9.65893
-8.16271	-2.19762
-0.625522	1.30964
-6.22094	-3.95246
-6.46833	-2.03747
-2.1024	0.533598
-2.12909	1.06509
1.75141	-5.9297
-7.42522	-7.53932
-7.63364	-2.27231
-1.21495	-5.14199
-5.03622	0.0103353
2.16891	-25.0201
-20.8463	-9.82962
-3.33976	-7.12537
-3.24387	-3.41285
-1.58012	2.4801
-0.872484	3.93792
2.25313	-2.40576
-4.48018	0.553859
-5.39268	-7.65539
-6.12664	-10.8163
-11.4804	-0.17551
0.671326	-20.79
-24.8399	-8.27375
-6.21839	-4.87077
-2.91566	1.03445
1.85648	-1.54989
-0.294427	9.0524
8.42106	-5.26259
-6.79237	-3.75566
-0.997048	-2.6492
-1.11501	-12.891
-13.3763	0.809927
0.105461	-2.19421
-1.98754	-22.8884
-24.6813	-5.60434
-6.95301	-3.95388
-2.45938	-4.49405
2.31721	-0.595346
1.62274	-5.18069
-12.2624	-0.448531
-7.23277	-0.305982
-3.10004	-3.29385
-6.20943	-3.51327
-1.97723	-14.7762
-13.7178	-19.7073
-14.6653	-12.1166
-7.8054	2.71093
0.334132	-4.38654
-7.68898	-2.72371
-1.08792	-6.49795
-4.09992	3.64167
6.55721	-7.05704
-0.975631	-1.53177
-6.61776	-1.92644
-6.36407	-14.3162
-20.3977	-10.2649
-9.3927	-9.17622
-6.9854	-3.47955
-7.5664	-2.92489
-5.23619	-2.47872
0.601292	4.47563
-0.627365	0.633981
-2.026	-10.3779
-6.65337	-5.92366
-2.86907	-5.57192
-3.85432	0.863291
-2.20892	-8.4851
-7.67249	-20.4141
-19.4662	0.550056
1.05516	-12.8995
-12.286	5.55792
7.4339	-16.9324
-14.7878	-2.61541
-3.83098	0.865788
-6.20506	-2.52696
-7.50654	-1.31809
-0.935325	-1.27233
0.62577	1.35645
0.798271	-11.7102
-14.4213	-13.6498
-14.6453	-8.81812
-18.3039	-13.4329
-8.87707	0.126329
-1.1446	-8.43682
-2.11621	-11.7695
-3.35746	-3.4011
1.62671	1.55459
2.16164	-3.77619
-2.86678	-4.23034
-2.91685	-0.452014
0.239531	-6.18919
-7.54025	-10.7352
-11.7874	2.75899
2.49438	-17.0391
-14.9011	-9.61703
-13.4334	-18.2949
-3.7659	8.51606
6.49964	-2.77647
-3.19655	-6.17686
-4.22151	1.15452
-1.22072	-11.8104
-8.66349	1.83409
1.66768	-6.44761
-8.51444	-12.3295
-7.29764	0.302704
3.63963	-17.2588
-14.6893	-0.405808
3.15955	1.60583
2.92632	-4.67118
-7.51925	1.04363
-2.26585	-4.48644
0.37657	-8.07027
-5.01289	-2.15293
-2.17247	1.58129
-0.290268	-15.9978
-14.9427	-17.1114
-14.192	0.0205575
3.57113	-12.2943
-2.58746	-5.97302
-8.86333	-2.06287
-16.8594	-10.5382
-14.5554	0.946257
-0.991166	-0.870362
-2.79235	-0.367928
-6.51531	1.23201
-3.28963	1.30652
3.06111	2.62279
-3.67171	-1.13527
-6.49389	-6.00149
-0.221281	-2.37251
-4.98211	1.89279
-3.08956	-12.4948
-2.86387	-3.49975
-7.0821	4.09554
0.444949	-10.9042
-12.2543	-12.2278
-14.2244	-14.0757
-16.2473	-0.713574
3.98105	-2.42104
-3.74453	-7.40259
-7.92404	1.41946
2.12179	-7.33977
-8.82708	1.42433
-0.129198	-5.25586
-5.3956	-10.9637
-8.33104	-0.763651
1.46312	-10.3615
-14.3954	-11.2473
-10.9566	-0.4918
-7.8416	-5.12843
-5.63488	0.114889
3.80588	-3.59111
-6.50885	4.32737
0.954898	-2.57419
-5.18546	2.38583
-0.179097	-8.64021
-13.5462	-3.36027
-6.30807	9.08039
7.96913	-0.812616
-1.52585	-6.9431
-0.791398	-2.70513
-8.09	1.99503
-8.5237	6.8619
2.7653	1.22755
7.29158	-4.39141
-2.58208	0.0219309
3.05853	0.0295804
2.61471	-5.40028
-7.11124	-2.17346
-1.98807	4.11899
6.84368	-4.79872
-5.93626	-8.52748
-8.76153	0.392746
2.24422	-8.46594
-7.24882	-5.82674
0.916767	4.80619
-1.60495	-10.1392
3.25324	-2.35252
-5.12474	-2.37331
2.02138	-25.7846
-24.4376	-4.91281
-4.69459	4.92383
2.91977	-18.9264
-22.2162	-13.3499
-13.7617	-2.94367
-1.98247	-2.69724
0.700591	3.28571
4.64533	-4.63596
-8.01246	4.92444
5.30576	-10.3834
-9.90447	-1.25113
-1.43112	-6.65129
-6.14168	-17.4984
-17.8046	-7.31936
-5.79369	-9.02437
-7.56766	-11.0283
-9.45971	-11.5801
-9.20812	6.8788
4.39486	4.98508
4.66445	-10.5329
-9.02079	-1.40005
-3.78803	-2.91973
-4.31636	-2.32577
-2.27963	-4.4927
-4.28049	-19.6708
-18.9298	-10.4854
-8.66619	-3.30546
-7.24289	-9.10187
-9.94031	-13.8833
-15.5149	2.44803
-4.51192	2.90474
5.78674	0.562368
0.974311	-4.39893
-6.61748	-5.98441
-3.39589	-2.51735
-1.39556	-23.0976
-24.1646	-7.16947
-5.43325	-5.62116
-6.81391	1.18826
-2.61975	-6.11893
-11.5544	-2.58583
-9.09578	9.21633
4.2924	3.19197
2.50561	-3.072
2.64779	-10.6352
-2.25632	0.161283
-3.20121	-5.75026
-3.27009	-2.31175
-2.48672	-12.7885
-6.4662	6.07784
6.66034	-14.5861
-15.5926	-1.50241
-2.94598	-18.8012
-18.6726	0.723198
-0.791076	-1.38288
-1.99677	-11.526
-10.5007	10.4583
6.36631	-7.86176
-12.5224	-6.09431
-5.63512	-4.78597
-3.78471	-1.99038
-3.883	5.61595
1.93105	-13.3698
-16.0948	-8.90052
-9.53217	-2.94711
-2.17817	0.830714
1.10869	-0.355909
0.0344804	4.01737
3.2701	-3.98149
-4.30576	-5.09833
-1.76492	3.94788
2.37064	-4.75276
-5.23782	-0.496357
-4.73651	7.03137
7.35846	-11.6127
-14.1376	-4.16401
-7.68697	-2.55273
-3.05052	-4.06189
-9.77106	-3.1532
2.93294	-0.044676
6.2115	-4.15952
-1.52626	-6.67745
-11.1364	-3.00833
-2.85285	-6.47427
-6.50172	-11.7047
-13.8161	-7.12028
-8.7018	-7.4521
-10.9433	-9.80535
-7.85202	-10.0622
-11.6484	11.0931
10.7923	-2.86828
-3.68368	-6.32755
-1.7216	-5.9318
-1.7533	-10.3209
-9.42637	-5.79096
-5.63831	-20.7706
-15.5915	-16.5697
-9.39077	-0.732897
1.50955	-7.81261
-14.9291	-10.9717
-9.18671	-3.02312
-2.95156	2.65524
-2.71979	-7.97416
-2.49547	-5.29846
-8.08785	4.88217
3.30771	-10.4183
-11.3098	-1.38794
-4.56029	-3.32995
-3.94784	-8.44218
-6.94912	1.53234
-3.8766	-10.2355
-10.6562	0.894728
0.189171	-20.1269
-18.7309	-0.0221371
-2.73038	1.01203
3.52443	-3.57352
-0.411865	-4.41134
0.0588252	-7.35153
-7.90766	-6.31946
-5.56638	-5.09024
-5.83017	-11.3202
-12.6143	1.46949
8.7215	-13.2387
-16.7138	-1.07985
-2.48854	-22.2696
-20.4163	1.29311
0.988239	4.32245
4.80421	-8.3592
-13.0182	1.4101
-1.75715	-4.46742
0.0887	-5.026
-3.44637	-9.09269
-8.75103	-21.3921
-20.8781	-2.1893
-3.09686	-6.40819
-10.138	0.953206
-1.14453	-21.4513
-20.4983	-9.74384
-9.51797	11.8585
8.28305	-6.49741
-11.8375	-3.16189
-2.39058	-5.34946
-2.67011	-3.12524
0.860835	-8.61003
-11.8183	-11.9884
-12.8117	0.865883
0.649573	-7.56887
-3.22077	-6.24167
-11.8667	-1.63484
3.06367	1.2502
-0.0502682	-1.08393
-6.69695	1.43227
1.64816	1.4518
-4.60988	-2.65844
-4.04581	2.71038
3.35919	-7.84929
-7.3279	-4.0095
-5.49694	-1.84857
-0.376401	-15.5125
-9.46006	-13.9021
-9.28229	-8.64253
1.11401	2.02542
-2.95256	4.43997
8.82244	-1.48491
-1.8794	-1.68703
-3.24732	-4.85723
-6.88944	-0.372172
-1.02338	-14.2475
-6.78267	-6.71723
-18.2582	-4.86934
-8.44029	-4.05808
-3.96921	-12.7603
-10.5483	-0.892363
-6.48976	6.41015
7.50663	2.12849
0.597287	-11.8176
-8.11288	2.33065
2.69058	-6.23279
-5.85151	2.72014
-3.30235	-17.6533
-22.2364	-6.89488
-6.85394	-11.7955
-13.765	1.06094
1.444	-9.23691
-6.79146	6.18572
1.66341	0.089933
0.0287929	-6.53234
-4.25856	4.37661
7.71545	0.195209
-5.76534	-6.17215
-5.10971	-2.91964
0.0748411	-5.23389
-4.3568	-22.0174
-21.6476	-8.30521
-7.3985	-10.4032
-7.32701	-2.02966
-6.81033	-16.1713
-19.6799	2.13697
-2.07174	4.75366
0.168513	2.19423
4.03666	-0.970544
-5.88161	-3.96216
-2.17941	4.51599
1.05621	-12.8384
-13.253	-14.2464
-9.33222	2.73501
-3.43458	-16.195
-14.8002	0.966192
3.00662	-9.45004
-9.16316	-1.26874
-4.40763	0.14176
-5.62234	-7.6533
-9.67304	2.28708
1.42915	-4.85492
-0.82379	-4.83723
-2.25134	-1.81578
-1.37703	-6.90034
-4.63807	0.160649
-0.068956	-11.6063
-8.77546	-5.30818
-14.3486	0.420296
6.88199	-0.162378
0.441139	-2.94989
-3.15826	0.0780714
2.67772	-3.90621
0.225991	-6.36368
-6.36092	-3.66755
-3.9473	-9.93444
-10.5929	-12.133
-12.0364	0.655656
0.168977	-19.3468
-19.5334	-5.07185
-4.40682	5.176
-2.15552	1.37329
-2.06774	0.569513
0.0782711	-6.03697
-7.24196	-0.731748
1.26263	-10.6695
-8.42276	1.72071
2.4181	-5.54292
-6.02779	-4.85888
-5.27276	2.34822
3.70398	-15.3745
-8.82419	-4.36662
-2.53861	-1.83437
-2.83815	-4.5571
1.87136	-3.61996
0.848568	-4.81414
2.1379	9.15121
-0.801679	3.7541
-2.58956	-0.0362493
-0.380434	-24.6356
-24.0606	-7.01622
-13.5113	-12.4743
-14.3677	3.02078
0.0685241	-4.76955
-6.72067	-0.265443
-4.21879	-0.620853
-3.01441	-0.340834
0.715117	2.30003
-0.358024	-7.52864
1.89151	-4.40533
-5.39417	-5.0822
-9.8372	-7.39168
-9.57177	-2.66247
-0.457891	-14.2148
-15.4855	-12.1598
-13.372	-2.37757
-4.12258	-9.86803
-6.61257	-8.49183
-19.4041	-0.210167
-3.19973	5.27307
4.58575	-11.6679
-7.36012	-7.23126
-6.66826	-8.78758
-3.09419	1.02388
-0.923857	-3.10156
-5.87745	-21.9969
-23.1172	-0.127544
1.60001	-9.65092
-8.4265	-7.30497
-7.21465	-3.1938
-2.69551	-4.06676
-5.33915	3.74847
3.42455	-8.63676
-7.15265	-2.42139
0.159452	-3.86743
-1.26864	-1.40738
-1.085	-5.24741
-12.632	-4.47645
-5.24016	-1.61417
3.37655	-6.41809
-4.05515	-1.66421
3.13597	3.50782
-3.00864	2.80477
5.60478	-7.0638
-7.27667	-4.8107
-4.85251	2.3882
2.50107	-8.14347
-8.75818	5.96252
3.92563	-4.92655
-5.3875	-19.707
-19.1003	-7.6352
-9.26629	-7.40104
-7.17069	-4.87145
-7.43125	-5.10212
-0.602696	5.97797
0.0240676	-7.67817
-2.74821	2.73469
4.49986	-11.3074
-4.07686	-2.62248
-3.09857	-4.71133
-4.64852	-1.76325
-2.39402	-3.44975
-3.69817	1.70146
0.947944	-8.8381
-10.4731	-1.41222
-10.3367	-8.90309
-4.92064	-6.43578
-4.88957	-0.96417
-6.3919	-7.15194
0.405192	-3.7034
-0.692113	-5.62377
-8.62735	5.39405
-0.0161972	-21.5871
-21.0033	-3.23557
-8.95671	0.862728
2.95423	-6.0587
-5.37022	-10.862
-7.88358	-2.23988
5.86799	-0.312506
-8.47745	1.31907
3.99135	-2.11378
2.92749	-1.42789
-2.26292	-0.534969
-0.243869	1.12518
3.3844	-17.3601
-12.5339	-7.0771
-12.8605	0.120636
-2.29631	-16.628
-13.7308	-3.29913
-3.59607	-0.94947
-2.74337	5.71013
7.05801	-8.4932
-7.22189	-14.6815
-10.3043	-1.17345
-1.19785	-5.10782
-6.32358	2.4308
-0.840309	-6.10827
-5.42107	-9.63991
-7.88133	-1.35666
2.22728	-2.79514
-7.28763	-2.66424
-2.99734	2.18549
1.1881	-0.22258
2.48713	-7.08725
1.04836	0.680965
-8.12014	-3.33316
-1.05092	-3.31174
-1.43789	-1.01366
1.11592	-8.35954
-5.94133	-20.3346
-14.5461	-3.92398
-2.30163	-3.74588
-6.63399	-12.6863
-6.61027	-14.6149
-5.01374	-2.82705
-1.74836	-3.06934
0.319689	-2.56274
-4.97911	0.410511
3.3373	1.73852
-2.76076	-2.01831
-1.28226	-11.4579
-5.34294	-19.1041
-20.1954	-3.61992
-4.37374	-6.89339
-6.05702	-5.24076
-1.58852	-13.6036
-27.2968	-4.05622
-3.96902	4.00591
4.95533	-2.76898
-2.15728	-0.274905
-1.85831	-6.24816
-7.45049	-4.91184
-0.769284	-9.80791
-11.5599	-22.0877
-22.3266	-4.9521
-4.7559	-6.02666
-8.59699	-1.49175
-0.982689	-3.92028
-3.32422	9.82245
1.33835	-4.44386
-2.87832	-9.71962
-8.44791	-4.70493
-0.984706	-1.22026
-6.18711	-2.98957
-5.72943	-20.3427
-16.2789	-10.0303
-2.18127	1.19809
-2.92199	-19.0523
-21.7975	-8.05079
-5.54236	-14.8892
-17.7637	-6.70787
-5.99889	5.68423
3.40714	-14.9897
-10.7884	-6.56361
-8.15093	-7.2387
-5.92722	0.676787
-1.87315	-5.41424
-4.96439	-2.06314
-1.54364	5.18081
5.91262	-11.3613
-9.66609	-6.56669
-3.80933	-7.24944
-5.02829	-3.99126
-0.803458	-2.6124
-1.47551	-6.40873
-5.23476	5.01156
4.15938	-11.5585
-7.72703	-0.0137482
0.0521653	-2.38282
-2.29627	-13.3649
-9.54973	1.36537
6.52712	-6.49405
-11.1822	2.79748
-2.72922	0.343663
-5.64172	-1.56516
5.64961	0.70481
0.505921	-3.00907
2.48865	-1.61517
3.93849	1.98372
-6.56048	-1.22217
-3.83415	-10.1648
-6.44655	-9.41213
-11.4213	-7.16557
-6.72587	-7.65945
-7.37848	-3.61978
-2.97971	-20.2198
-20.8706	-1.97923
-1.8662	2.12648
2.87162	-4.06039
-5.28828	-2.92199
-4.7588	-5.07726
-5.24062	-1.00911
-0.957122	-4.86855
-4.45502	-7.89596
-6.79865	7.79112
9.15301	-16.1852
-10.6627	-3.70173
-9.84118	-11.9721
-4.07372	5.62071
6.49698	-2.05013
-4.92028	-10.4216
-10.997	3.58793
4.50436	-8.45133
-9.31132	3.17609
-0.216931	-9.54732
-9.40408	-9.17079
-10.3969	-1.46208
-0.766626	-15.1451
-14.0344	-1.46482
-3.44031	-14.4908
-12.0262	8.5405
8.42946	0.93805
1.42333	-5.63047
-5.12628	3.62342
0.347606	-3.2923
-2.55372	-3.0799
4.04678	-14.4788
-20.9688	-2.62569
-4.83934	-14.4943
-7.20541	-0.951073
-4.22863	-8.6178
-7.74516	4.56168
2.81373	-2.08178
4.11028	1.53193
-6.64796	-4.03399
-3.61368	-1.03029
4.39506	-9.30526
-6.14686	0.776511
1.14184	-5.73653
-5.77786	-19.7959
-17.9291	-9.80195
-5.05803	-8.61952
-9.84518	-4.5879
-13.4061	-5.16842
-3.30022	5.83194
3.81659	-7.51046
-6.16671	-6.06471
-0.346643	-3.21062
-2.94177	-4.69255
-4.26855	-0.783321
0.223834	-10.1955
-10.043	-21.9215
-23.7521	-0.137189
1.25181	-4.33609
-4.70267	-0.573561
-1.67435	-1.90894
-0.849166	3.76604
3.1257	-10.7106
-13.0127	-5.0657
-4.16747	-3.95399
-4.6388	-9.26282
-4.95631	-2.77761
-3.93971	-3.83866
-6.49327	-10.7081
-9.48403	1.6125
3.16679	-12.0725
-11.3812	-1.68369
1.0109	-10.0665
-10.4552	-1.10802
-0.466665	-4.02441
-1.51698	-3.27011
-3.35507	-4.18819
-6.83485	-5.43668
-3.81332	-2.77311
-2.26562	-26.1375
-18.0236	-17.2843
-14.1397	4.7396
1.2405	0.540066
-4.49807	-1.53263
-3.16385	0.725874
-0.842331	-8.91302
1.77279	3.54116
-1.41279	5.36859
-17.5384	-14.6328
-15.5683	-4.78888
1.15308	-2.70872
-7.0734	-4.97283
0.191107	-2.20267
4.71253	-5.23216
-2.9339	-4.28598
-3.35866	-1.1768
3.25068	2.56278
6.56572	-2.34616
-4.54333	-2.83059
-1.78203	-1.44536
-1.65369	-9.70263
-8.01488	-6.40888
-5.8211	-16.0105
-12.4707	6.40822
8.25524	-16.8356
-18.4786	-4.63649
-5.30102	-10.152
-12.4439	-13.3366
-10.1719	2.22105
2.96272	3.02608
0.808382	3.82899
1.12937	-5.12042
-4.82189	-5.96613
-9.83409	-3.18482
-6.5362	-10.9744
-5.25052	-0.742993
-8.70101	-12.4462
-6.38136	-5.27592
-0.843815	0.434043
1.68406	-1.46419
-8.21796	1.50488
0.200926	-11.0677
-10.2679	4.02632
7.27832	-24.0118
-24.8255	-12.1488
-12.3278	-7.57716
-6.26869	-10.3077
-8.21303	3.42446
-0.211972	-2.47977
-5.75557	8.85626
3.69005	-9.46381
-7.9652	-9.59406
-5.8458	-1.09264
-4.426	-7.68849
-7.59705	2.70424
-0.554244	-16.9612
-16.7393	1.29138
4.26003	-6.14005
-1.13252	-10.9635
-10.987	-5.26812
-2.63772	-4.92077
-7.46308	-9.0058
-5.29668	-10.9209
-8.7604	-8.02612
-1.82953	-0.209967
-2.56668	-6.89039
-9.91405	0.88148
2.72255	-13.6419
-9.39054	-15.8034
-19.6596	-2.46635
-2.94865	-14.1683
-12.7834	-5.09223
-4.49011	-11.0694
-12.3941	9.57077
9.32268	-4.2958
-1.32699	-14.135
-13.4194	2.50951
4.34219	-5.93131
-6.85127	-0.692946
-3.82138	-8.48142
-6.85491	-12.6576
-13.9751	0.577271
1.17109	-9.85406
-3.53363	-4.94681
-2.46766	-1.17075
-3.27941	-1.12121
3.12222	-5.53218
1.39825	-3.84476
-3.32746	-7.58089
-10.1106	-8.40063
-3.5159	-4.16536
0.64769	-3.58786
-3.23334	-14.0639
-14.1473	-1.69485
-4.03428	-11.9804
-12.1536	-1.1046
-2.79831	-19.0492
-10.5317	-1.89981
-2.0253	5.46773
6.09252	-11.577
-9.56462	-1.19908
-2.02915	-4.23085
-4.56221	2.10331
2.41574	-7.30043
-7.36899	-9.48037
-9.35439	7.01475
-3.67092	-5.93246
-9.98934	-4.68907
-7.29512	-4.26364
-3.28061	3.02101
3.22227	-1.24906
-4.02744	-11.4395
-11.8797	1.65482
-1.30021	-6.24081
-0.192585	-1.41108
-4.18816	-21.0747
-23.2061	-9.29427
-7.43763	-5.34062
-5.38559	-4.91493
-8.42881	-4.65592
-5.12233	0.106957
4.42136	-4.19236
-5.47062	7.74035
-1.57858	-4.42381
-2.64879	1.41054
7.29855	-13.6977
-13.8583	1.90339
0.287968	-6.96429
-7.17792	-16.7516
-17.0366	-2.54054
-3.67038	-11.7913
-10.5175	-5.85058
-3.92606	-5.92131
-6.71621	5.92714
4.01497	-5.85934
-6.49919	-10.0888
-12.0306	3.23351
1.76867	-3.22281
-1.55031	-0.932088
0.793899	-11.1613
-17.09	-7.67039
-12.5986	2.32695
-4.16633	-9.03545
-7.5844	-1.82133
-2.60026	-14.8619
-13.2862	-3.33781
-1.50486	4.01124
3.65042	1.24951
3.61222	-6.25723
-3.10403	-2.4638
-1.98501	-0.813859
-2.21516	-5.87742
-9.73274	-1.92801
1.53183	3.59343
-0.932808	-13.3451
-12.6786	-6.62807
-9.83189	-10.9528
-11.4319	-0.197689
0.558285	1.84955
3.14546	5.61651
8.83006	-0.907336
-0.912603	-2.78673
2.43153	-5.13621
-4.99779	-10.5363
-10.8891	-0.466323
-2.84506	-4.27526
-4.79873	-17.6445
-18.6737	-6.75951
-0.750405	3.52125
2.592	-4.97866
-5.56968	-6.2577
-6.35971	-0.458399
0.612577	-5.64795
-5.82745	-4.95811
-7.2583	3.71338
6.18065	-9.68664
-10.5066	-6.76858
-9.58178	6.61622
6.41515	-1.80585
-5.06612	-6.15612
-8.33769	-1.64294
-3.11307	-1.02379
-6.85447	-4.52225
-4.2446	-2.02592
11.0362	-4.76498
-3.01454	-1.41256
2.79781	1.34018
-4.13886	-17.479
-15.8308	-13.7054
-14.2016	-1.11898
0.92422	-5.03787
-2.64585	-1.16128
0.641657	-1.22463
-0.630558	1.10738
2.27497	-5.03398
1.23291	2.4941
0.504666	1.60453
-2.35307	1.76684
2.84688	-3.81197
-5.51574	-8.8731
-11.182	-10.1189
-7.61639	-0.691926
7.77372	-13.0855
-14.0795	-0.78038
-10.7848	0.421946
-2.8811	-0.517699
0.916741	-1.84279
0.762154	0.290094
7.40565	2.56099
-5.88879	-3.93134
-7.07202	0.992255
0.617313	-21.5578
-24.3151	-5.89048
-8.25846	-8.78384
-4.56909	-8.53449
-4.88913	-4.18837
-14.6405	-10.0085
-13.7068	7.83746
8.62706	-5.88559
-9.66866	-3.79732
-3.42931	2.94382
1.78395	-3.43077
-4.8914	-2.09124
1.42058	-4.01229
-1.41669	-6.36037
-6.41955	-0.486942
-0.141202	-10.7228
-9.74129	-5.85438
-5.73516	-12.0498
-8.34269	-3.13121
-4.57679	-9.36446
-11.6947	1.7006
-1.80716	-2.50029
-5.21107	-1.65726
-5.22131	2.36155
3.06015	-13.1829
-11.722	-7.20077
-9.91702	4.1931
1.00788	-18.7164
-16.0344	-16.7067
-14.8328	-4.22754
-5.59767	2.34202
1.60664	9.2895
10.4434	-8.67148
-8.00132	-4.1862
-3.30195	4.33504
7.21958	-5.9199
-3.77991	-4.18172
-5.66981	-9.00128
-11.9525	3.12307
1.80678	-4.16587
-9.9957	-1.09024
-16.9011	6.27627
4.0915	-10.0712
-10.8839	2.2131
3.81757	-6.74427
-7.84197	-2.01524
-2.01093	-6.64967
-9.87856	-0.130916
-2.88633	-3.53065
-2.73805	-8.32701
-6.82801	-0.631088
-2.7413	-15.9571
-19.5571	0.79428
-0.327381	-12.6559
-11.4667	-4.57674
-1.94733	-2.72505
0.297275	-2.78674
1.35846	-6.40885
-3.17001	-2.49074
-1.26319	-0.413627
-4.35661	-7.96888
-9.46454	-7.4211
-8.66138	-2.95104
-0.317173	-17.6746
-15.9777	-11.0118
-9.06239	-3.10194
-12.2597	-10.1473
-8.8964	1.37161
-0.583398	-12.7571
-14.2047	6.48433
3.98389	-3.42234
-5.13474	-7.36379
-4.87743	-5.08954
-5.71529	-18.4931
-18.7035	1.18501
0.786599	-10.3605
-14.4086	-8.31465
-9.6975	4.09254
5.25827	-4.39081
-6.96573	-3.31701
-0.502663	-0.104217
-0.0828704	-1.74788
-1.41108	-1.62132
1.46977	-1.46894
-2.53564	-15.0828
-15.3129	4.7032
5.177	-2.92319
-4.2642	-21.4528
-21.2191	-8.23906
-6.91694	-10.3221
-8.96612	-3.54415
-1.68101	1.82552
-1.95839	5.14706
0.209586	-4.80441
-3.36149	-9.03433
-9.21371	1.96277
-0.9385	-6.8093
-3.80048	-17.5421
-10.3886	8.70062
6.17565	-7.95263
-5.1137	-5.86802
-5.66487	-16.0467
-19.5037	-0.675169
-4.47239	1.20169
0.94268	-3.52012
1.33296	-1.05393
-4.19074	-4.75307
-0.962955	0.995604
2.3217	-11.9532
-15.1798	-12.8164
-14.8669	-1.87345
-1.54622	-5.39273
-11.4545	-8.07339
-7.1962	-6.10587
-4.82031	-0.0572773
2.87534	0.399136
-4.31955	-11.6256
-10.6727	0.149933
0.817954	-3.57541
-4.61686	0.656792
0.668033	-5.11575
-6.12135	-10.723
-19.0008	-4.48637
-6.7039	-8.64732
-7.89347	-4.12577
-2.29804	5.35203
-0.207665	-2.01081
1.59853	-0.988717
0.399587	-6.12361
-6.55067	-5.95951
7.63865	-4.83593
-4.78763	-4.99729
-1.75342	-20.2608
-21.7086	-13.2003
-9.84294	-3.43093
2.22061	-1.67658
-1.06297	-6.5351
-4.02634	-2.10965
-3.70998	-0.0825397
1.51681	3.48322
0.215049	-3.44408
7.55701	-1.80319
-1.31236	-6.49996
-3.78203	0.127999
-1.34152	-7.20444
-6.8575	0.593596
3.49477	-3.23487
-4.94429	0.364863
-4.35627	-7.38561
-14.0439	8.39096
8.37324	-8.80474
-3.90332	5.10948
6.27015	-8.00291
2.33502	5.03572
6.0221	-0.63308
-14.1273	-0.711474
-3.28304	-11.3127
-10.1632	0.835827
-0.156283	-1.00191
-2.1956	-21.3279
-23.0153	-5.16725
-6.62584	-4.01675
-6.66559	-6.2643
-6.16288	0.12206
0.683519	-0.00443406
-1.9769	-5.86349
-5.85991	-0.850668
-3.04719	-3.19469
-4.79306	-3.27978
-3.50335	-1.89075
-1.95297	6.3668
8.02954	-10.0389
-9.02446	-7.76416
-12.85	-5.01297
-15.1998	3.69899
5.60557	1.24837
-0.68969	-8.701
-7.36307	7.51847
7.63908	-4.12656
-6.29674	-4.54298
-5.89399	-8.16107
-6.96475	-14.1391
-20.2091	-6.49627
-4.84967	-8.87705
-4.21441	-0.0875833
-8.21098	-0.562722
-4.07805	10.1891
6.71425	-5.09674
-6.49341	-6.10867
-4.77771	7.84548
2.1457	-6.28923
-5.77094	5.19289
-4.05061	-9.20473
-15.7504	-5.47462
-11.4825	-6.28857
-6.83378	-6.43255
-2.64636	-12.0255
-12.5389	-1.64264
-0.222128	-4.1481
-5.2244	1.44069
-4.92075	-6.71807
-7.17095	-3.467
-6.06906	-3.59683
-8.07394	-7.11305
-3.5868	-21.8783
-22.2714	-7.52396
-7.45192	-9.98449
-12.7463	-2.65676
-4.00791	-8.73899
-7.72611	3.82505
1.0237	-4.00497
-9.99956	-1.63475
-6.43569	-1.47158
-11.6051	-4.33754
-9.58094	-4.03059
-8.2478	-5.91795
-6.56102	-15.5276
-15.599	-12.3892
-14.29	-1.17163
1.11408	-2.15488
-2.88313	-0.9366
-1.0002	-2.51218
-2.59068	0.581805
-4.00449	4.87475
2.66073	1.02529
-1.34171	-11.7363
-6.42301	-1.43687
-3.89407	-0.236309
-3.51448	-20.1274
-19.4053	-16.0621
-16.944	1.91274
-2.69015	-4.04596
-5.40669	-4.30289
-2.18018	-5.66535
-4.85362	-5.33632
1.92305	-1.38717
-5.5627	-4.2139
2.5211	-4.44771
0.472828	1.26002
6.90522	-1.68037
0.939894	-14.0006
-13.8004	-11.7634
-10.7267	4.2184
-9.87582	-10.5728
-14.694	-8.76056
-6.94776	-9.02081
-10.6091	-3.43156
-4.9257	-2.65179
-0.609255	-4.35907
-5.7552	-1.64277
-1.60741	-0.794072
-4.28011	0.562075
-1.98525	-9.7029
-11.5148	-3.7154
-9.7472	4.25392
2.98708	-12.0038
-7.38465	-9.71731
-5.86264	-7.27876
-9.86048	-0.361773
4.46644	-1.4142
-5.95766	1.7874
-1.68123	-1.33286
-0.556329	-0.76512
-4.9681	-2.09987
0.39348	-11.0301
-11.3742	-11.0957
-10.8285	-1.15505
-1.11388	-25.7138
-26.1631	4.50111
5.544	-7.19326
-11.7396	-4.53968
-1.85158	1.02249
-2.00606	-6.99662
-7.68674	2.3696
2.14554	-6.29478
-8.84319	-1.36605
-0.310594	-2.89121
-4.14827	-2.64121
1.77355	-4.14895
-5.97493	-24.0393
-25.0841	-5.34074
-8.9709	-1.3697
-3.18508	2.20207
1.70395	-0.71203
-1.98663	-2.61536
-1.23471	5.2401
3.25284	-14.0404
-12.0221	2.50369
2.25769	-7.17532
-4.97982	-9.63649
-7.40493	0.325975
-1.87367	-4.88514
-6.64957	2.83168
-3.82029	1.14109
-0.290611	1.91239
3.74205	-0.938301
-4.33822	9.80112
0.827574	0.341789
-3.51865	-7.64583
-6.46492	-5.14002
-0.950717	-5.6018
-6.32152	-19.7735
-22.3041	-3.74198
-3.16619	-14.0375
-14.0276	-7.83722
-10.633	-9.27656
-14.4215	4.06375
-1.87831	2.15963
2.26279	-11.9537
-12.7813	7.09597
10.5815	-4.80324
-3.85981	-6.45475
-5.8561	-4.63483
-5.53685	-8.6971
-10.9884	10.0387
10.6928	-17.622
-18.4406	-2.76944
-8.38046	-13.4052
1.67014	-4.52034
-6.73595	-1.6097
0.676093	1.61125
0.944802	-8.70921
-11.7859	-0.433262
-0.33974	-6.41446
-5.1421	-1.24737
-1.30969	-5.50738
-5.53299	1.19825
-0.108875	-9.51784
-6.81258	-9.0541
-6.12859	-4.62308
-0.763072	-3.02089
-7.16619	-4.91747
1.06029	-1.42133
-1.01849	2.06757
4.82518	-5.0332
-8.28005	-4.06523
-5.0265	-4.73339
-5.96406	-14.6245
-17.3119	-6.48545
-5.63317	-10.6932
-10.8568	-4.54774
-0.892968	-19.5108
-21.3009	11.4819
12.1423	1.62867
1.53287	-3.32776
-5.5463	-4.17316
-5.51789	-1.84317
-1.33196	-2.29598
-2.89921	-9.09499
-7.47557	-23.3613
-22.5582	-0.3534
-4.83283	-7.92027
-6.74786	-10.9161
-7.32206	-4.91166
1.55114	-0.601617
4.52683	4.25637
1.68797	-0.307892
-1.97163	1.20413
-7.26413	-7.76198
-3.26599	-1.23991
-1.09201	-22.5182
-17.2769	-14.018
-15.6724	3.49554
-3.60772	-4.76798
-0.857135	-10.9708
-7.2265	-3.09606
-7.61928	-0.896362
-2.85289	1.45095
5.41267	-5.31725
-5.41611	-0.587467
0.733621	-8.5894
-6.46998	-4.36086
-1.45835	-4.13305
-3.33209	-6.8571
-4.75086	3.3635
4.93544	-6.97431
-9.8868	-8.33647
-3.84468	-6.97328
-2.4653	-1.92995
-0.966565	-0.193847
0.122014	1.70688
-4.97311	-1.99235
-2.28185	-6.43301
-2.99392	-5.08108
-4.66949	-10.6695
-9.61216	-8.55366
-8.88142	-2.21943
-3.12319	-15.1322
-17.0009	-0.611043
0.457341	4.53694
3.81244	-2.9952
-1.82677	-6.17794
-5.31373	-1.54763
-3.34705	-6.50128
-8.10368	-10.3085
-10.11	2.78999
-0.751855	-4.66088
-3.46618	-7.75672
-6.39902	3.15476
5.51111	-11.4223
-9.78982	-5.3113
-7.57458	-7.26895
-8.16159	-3.82419
-3.49845	2.19372
-3.49913	-6.17197
-6.11113	-3.11904
-2.19008	-6.18825
-5.8947	-5.96566
0.298922	-8.90822
-8.00023	3.82558
-0.320484	-2.59983
-3.05076	-11.1155
-6.7227	-8.58346
-12.8521	2.36708
-3.14848	-5.83163
-5.60464	3.18028
2.60372	4.54911
4.33646	-5.40204
-2.02032	-5.03207
-4.2094	4.54125
6.16361	-19.2792
-19.4377	-4.47282
-6.74115	-7.41453
-9.33818	-7.07679
-8.02955	-14.9638
-15.7334	-0.0508032
-8.56152	-7.25565
-2.15499	-3.33132
7.51483	6.86486
0.624089	-10.6699
0.291434	-6.25244
-4.92179	-5.03306
-1.10253	-15.4335
-14.8656	-13.2987
-14.3211	0.80152
1.4315	-4.96445
-12.5955	-7.77932
-10.1099	-9.01707
-14.7237	-12.6247
-12.9026	2.11442
-2.67784	-5.32199
-6.38698	-3.69525
-2.87066	-3.01648
2.41004	0.173273
-4.85227	1.75693
-2.19438	-2.82357
2.41464	-1.22888
2.24843	1.95041
-5.61536	-0.815014
4.07964	-21.7239
-23.2706	-8.95461
-8.48956	-6.82553
-10.5385	-6.96317
-10.2488	-8.73119
-2.36998	0.417465
-8.90241	-7.75581
-8.35184	4.75848
1.17465	0.522601
-0.267919	-2.83224
-0.165953	-0.379708
2.22845	3.04783
0.48459	-11.4378
-14.4446	4.87523
-0.787523	-1.68135
-2.63963	-1.58314
-6.81162	-3.75894
-7.20959	-2.57834
-1.75795	-8.09719
4.70845	4.65092
2.24631	3.16795
-4.48032	-2.54736
4.90745	-5.37313
-8.57089	1.58529
3.51858	-8.50294
-10.2262	-20.2092
-20.4105	-0.16466
-1.73151	-8.40494
-8.44244	-3.91473
-3.67254	-2.37389
-1.74348	2.56572
2.5619	-10.9575
-10.4687	-6.40987
-5.5846	-1.51091
-0.290734	-5.63588
-6.22868	2.84713
3.97035	-15.0816
-14.0279	-12.9007
-11.2146	1.30416
3.55729	-16.5369
-12.8169	-2.9823
-4.77216	-9.02954
-8.76106	-7.25845
-7.89888	1.5889
-1.70751	-1.48091
-3.4344	-0.0811706
2.70028	-7.24367
-6.2436	-4.32062
-9.9235	-6.42924
-17.4817	-9.57164
-5.73022	-5.89606
-7.045	-0.804676
-2.96864	-9.6232
-9.21028	3.99191
0.0445693	-1.06364
-0.194209	-3.45693
-1.12319	5.34658
2.96641	1.78665
-6.48467	-7.56273
-5.03232	-4.56846
-5.6417	-15.8518
-17.4747	-14.8602
-12.1375	1.91854
1.57415	-3.76953
-10.7526	-5.51222
-5.17964	-6.58035
-2.57763	-10.8397
1.34845	-0.242005
0.188205	-1.16301
-0.351612	-11.4221
-4.1666	-3.55009
-3.8431	-1.8666
-2.7896	-2.14471
-1.74999	-10.7115
-11.4604	-1.20079
4.94592	-13.0464
-12.3051	6.12031
5.93364	-19.6228
-20.2907	-7.78619
-5.80884	-3.36936
-0.896512	-6.27795
-6.33674	5.72317
2.21392	-8.10964
-6.69516	-4.50304
-3.11136	-4.3429
-4.15497	-11.2333
-11.2919	11.3757
10.5787	-15.207
-10.3411	-6.02515
-11.4316	-0.143306
2.52271	-0.232766
-1.91514	-3.95538
-3.31708	-2.01365
-1.93776	-5.42636
-6.53414	-5.44109
-5.21167	2.21152
3.83105	-13.1984
-12.267	-10.5607
-11.8929	-1.15729
-0.135566	-20.0074
-20.0448	-3.3352
-8.71211	4.77005
3.09883	-1.07199
1.39564	-8.97913
-1.39433	2.46018
0.828517	-7.98369
-10.057	-7.81425
-4.07942	-4.55858
-3.14083	-19.8877
-21.3623	-7.83552
-9.05716	-6.20977
-10.5806	-7.95034
-4.4435	-8.47962
-5.77857	2.46091
-1.08425	-5.56168
-10.0584	4.76621
7.8097	3.89839
-0.868335	-1.93157
-2.40497	-0.301002
-0.0537718	-1.12963
-4.72925	-18.6223
-18.1286	-14.2457
-17.7629	-2.34812
1.35276	-3.84911
-10.3417	-3.34431
-2.62206	-20.7586
-11.9425	-2.70342
1.83306	5.88928
-3.19877	2.39914
-0.0497508	7.79756
8.80623	-4.31744
-1.5415	-0.11478
-2.74274	1.72315
1.51053	-11.6646
-8.62976	-4.29638
-7.53877	-7.11652
-4.36013	-3.47757
-2.19256	-9.27613
-15.6302	-7.51057
-7.36852	2.92903
0.818908	-3.45285
-1.76382	1.73538
-0.333684	-4.46612
-3.84866	-0.811893
-0.347955	-13.0892
-10.8475	3.54062
-0.299798	4.96639
3.65656	-10.2672
-5.19495	-6.28952
-6.86798	-6.92719
-3.86579	-1.23189
-3.41662	1.08251
-0.929291	-4.21403
-2.1554	-2.38721
-5.4857	-3.32626
-1.03437	-3.71137
-0.373654	-15.533
-12.8148	0.0256885
5.28968	0.467639
-0.13575	-23.8935
-22.546	-6.8042
-6.64853	-11.6462
-13.4315	-4.48958
-3.50516	2.01278
3.1687	-1.88672
-1.04373	-1.86133
-0.503669	2.24862
1.88182	-7.46418
-7.56782	-12.8985
-12.9694	0.647452
-1.78407	-3.72938
-3.20977	-22.1138
-20.0926	-1.26937
-1.54345	2.54656
3.74231	4.21928
3.88837	-12.9167
-14.8149	1.81014
-0.290078	0.208052
1.92109	-7.72763
-5.82389	1.34774
4.92482	-7.77223
-6.34176	-10.0372
-9.84736	4.36529
-3.77146	-7.83729
-7.69704	-2.993
-2.56062	-0.422379
0.909514	-5.40427
-2.95036	5.18446
7.80365	2.05803
-0.625921	2.57707
-1.53269	-4.52759
-8.34226	-2.13315
-0.650756	-20.8983
-14.9595	-8.16309
-7.01119	-4.21022
-3.32363	-4.56488
-1.00468	-10.5394
-5.90096	7.26946
2.47812	-6.16804
-14.0471	-4.56555
-6.02328	1.85424
-4.79405	1.70956
3.15777	-6.89057
2.34234	-0.655409
2.07702	-18.0093
-18.2387	-14.013
-13.9852	5.6887
2.37638	-10.8807
-8.17971	-10.4774
-7.99099	-0.657538
-0.865956	0.420987
-7.82844	-2.57442
-1.3238	-0.517145
-7.48372	-2.13919
-4.01282	-15.3946
-4.71101	-2.55696
-0.793343	-13.3336
-13.278	-4.96371
-4.27803	-0.694931
-1.51745	-22.6848
-24.5466	-5.0114
-2.99839	-4.31169
-4.61284	-6.01744
-4.77839	-1.10915
-0.964738	-1.66841
-2.76884	-7.97635
-8.31598	-5.80872
-4.47388	2.91797
2.13748	-8.6061
-6.2809	-13.6047
-13.6097	0.776428
-1.36297	-16.7768
-17.7471	6.95434
6.45353	-14.6077
-11.1773	-8.22447
-9.29862	3.90469
3.58359	-10.0657
-8.28947	0.69188
0.154832	-10.0065
-6.61734	-2.21066
-4.98933	-6.93907
-8.00228	-18.1881
-19.9296	-0.0247236
-0.833001	-12.7466
-11.7005	-4.1743
-4.20315	0.00941202
-0.735502	0.147694
0.478886	-6.50184
-3.24923	-10.0151
-12.0272	5.63065
4.69959	-5.91272
-7.69831	-6.97558
-4.59007	-1.57717
-1.43217	-5.79724
-5.88822	3.04273
1.01307	-3.9588
-5.58883	-2.89976
-11.0636	-0.0907814
-7.54968	-2.32861
-0.999802	2.05641
-3.83641	1.341
-3.20633	-7.57362
-3.86622	-3.16274
-15.0043	-3.92827
-1.81998	-10.5516
-8.85545	-19.9769
-22.2837	-5.34913
-4.99458	-8.68882
-8.8014	-3.08498
-2.70332	-3.00828
-3.85496	5.61822
4.59117	-4.90589
-2.24008	-12.3122
-10.4472	-1.86607
-2.2558	-2.0765
-7.64269	-5.0737
-4.39732	-9.67498
-11.9392	-18.4511
-18.2797	-7.54547
-4.95946	-6.45036
-4.84768	-2.52758
-3.63566	-8.21858
-7.02185	3.43167
4.77254	-0.678703
-1.61682	-13.62
-12.1732	-0.518898
-2.21767	-3.13863
-4.27307	-4.1165
-3.27238	-3.65061
-3.39504	-8.06174
-9.50938	0.371192
1.76133	-8.27071
-3.24893	-6.08783
-7.35606	-4.96951
5.48019	0.00904523
-5.16195	-3.19523
-3.58673	0.683097
0.886327	3.41578
1.48265	2.31742
-1.52381	-2.01766
-3.31564	-6.71742
-7.09511	-11.6519
-12.583	-1.66265
3.25342	-18.522
-14.4731	-7.95945
-0.386571	-18.3082
-18.3407	16.453
14.9263	-9.60944
-8.66803	-6.27653
-9.07952	-1.76185
-2.09189	-3.16394
-1.51267	-0.988494
-4.33707	-6.31057
-7.5726	-6.69305
-6.80761	3.76934
2.44636	-17.1646
-16.6465	-0.990922
0.572178	-15.7999
-14.5214	-4.89878
-4.65617	-3.53502
2.2844	-2.10076
-3.76299	-5.43276
-5.67932	-6.32738
-7.26101	-7.58266
-11.1562	-3.66626
-6.30525	-13.8763
-15.9784	-8.35847
-8.57345	-8.84875
-8.51272	-7.72934
-8.60527	-20.7148
-12.5648	-8.16245
-6.20892	-2.3918
-0.375583	0.476626
-3.71434	-4.94062
1.03918	-5.10361
-2.59055	-2.54809
-0.473719	-16.2537
-8.22261	-8.3196
-14.7249	-7.70231
-7.68021	-6.48677
-6.33574	-3.58477
-5.09642	-6.25313
-10.248	6.05588
9.92676	2.71729
1.72551	-8.24085
-7.58688	-1.13116
-0.385979	-1.66803
-2.94096	-1.85814
-4.27061	-6.91535
-6.61398	-10.6661
-7.58176	2.74498
3.89951	-8.15579
-6.75664	-6.61959
-8.88407	-3.17272
-4.81476	-4.09826
-9.8744	2.11147
5.33255	-0.0727966
-1.31334	-0.583168
-0.322311	-0.024178
-3.00928	-3.97489
-0.904808	-12.5166
-11.4159	5.86267
6.15846	-2.58468
-1.61624	-17.7769
-19.3347	-2.06703
-0.459488	-14.3892
-16.1631	-0.589287
-1.9657	3.06799
1.87585	-0.153438
-1.62194	-4.49235
-1.06116	-7.0411
-4.39044	1.02542
0.671728	-7.89687
-8.93859	-15.2504
-16.3425	1.61925
0.812451	-0.268287
2.2621	1.66992
3.20439	-5.03721
-9.01657	-1.18279
1.12497	1.03191
-5.58916	-7.17282
-2.64454	-6.84784
-10.627	-6.2242
-5.25065	2.41787
1.42177	-16.1879
-15.9989	-14.0758
-16.1233	0.47393
4.11693	-0.478659
-3.70769	-6.67898
-17.9136	-14.2539
-16.5138	1.23506
0.842686	-5.7262
-6.09098	-5.48846
-1.94507	-6.87175
-6.13239	-3.64371
-6.28044	1.55206
2.6734	-0.185964
-3.41247	-2.13041
1.19895	-1.2786
-0.805683	-0.335814
-5.23505	-19.1383
-16.667	-13.9749
-12.5108	-0.282429
2.48752	-4.77297
-4.88252	-5.72472
-3.30314	1.25597
-4.39271	-0.739569
8.8485	-2.09674
1.34264	-2.89111
-4.30201	3.84824
0.0762449	0.0173678
-3.45421	-3.66864
-0.00388328	-9.43274
-9.25178	-20.681
-20.7288	-7.73025
-6.61445	-10.8587
-10.2569	-5.66989
-8.1097	-7.53346
-2.03365	5.82572
4.20603	4.07985
5.86023	-8.04869
-5.5316	-7.99656
2.70088	-0.992261
-8.20282	7.28579
4.22156	-20.339
-9.74716	-10.3667
-15.3719	-5.85732
-7.32582	-8.80015
-10.0121	-8.47885
-6.35993	-9.14549
-9.05077	4.76283
3.00226	5.20639
1.62524	-1.64652
-0.907721	-9.07101
-3.9263	-4.16073
-4.31256	-0.959623
-0.504399	-3.36344
-5.1599	-7.39425
-6.21604	0.710204
-0.703245	-7.22625
-11.5639	-0.405725
-5.76936	-4.10597
-8.17193	-5.11574
-4.27814	4.81735
5.75275	-8.83465
-8.45563	-4.63566
-5.34758	-0.131747
-2.21844	0.699549
0.378477	-5.255
-4.14743	-18.47
-18.8632	-0.115624
-1.4293	-7.71015
-5.0979	-12.2495
-10.1213	-4.63092
-1.90272	-1.85686
1.13305	-3.38422
-2.48377	-10.3931
-8.81624	-6.75307
-5.87731	-0.532056
-1.06483	-2.63478
-2.2487	-4.62661
-7.09876	-6.1802
-0.0164379	-4.20749
0.79311	-3.40095
0.729191	-3.6431
-11.6943	4.1809
5.88639	-4.3704
5.55562	2.96684
4.24516	0.720025
-7.20418	1.27572
-1.50129	-0.958276
-0.173136	-1.87208
-0.739704	-3.4024
-2.67858	-14.4044
-14.3732	-0.875559
-4.45656	-2.32182
-0.710554	-14.1933
-14.3046	-15.3719
-8.97119	0.134037
0.594798	4.22627
0.941759	0.73804
1.86042	-6.30963
2.21282	-0.732385
-7.84387	-3.88403
-9.98565	-18.2035
-15.8706	-16.6584
-12.5559	1.49395
0.0464631	-13.1514
-19.0853	-8.653
-11.5169	1.27475
0.0883403	-2.96698
-4.40752	0.24467
0.41802	1.88042
5.71011	-0.0765345
-0.168253	-6.2066
-5.46353	3.0171
3.84777	-15.3487
-11.2595	-0.0399396
-6.8639	-0.205331
-5.03012	-14.1112
-9.21592	-8.35294
-14.8257	-8.40085
-2.07011	-7.55715
-3.15887	2.80911
-3.60948	-2.436
2.11627	5.21046
5.55631	-11.4383
-12.2102	-2.44397
-2.41695	-6.35806
-6.90296	-17.6213
-18.2163	-6.43074
-6.38767	-10.4491
-8.48073	-8.5139
-11.2357	-7.97461
-14.1235	4.59169
-6.69337	2.26626
-5.35161	-7.779
-6.57441	-8.02464
-0.803487	-3.30098
-1.73536	-1.79593
-1.566	-13.979
-12.0157	-7.91793
-7.50473	-3.26371
4.34731	-18.6133
-18.0009	-2.25907
-3.51689	-8.23019
-10.7842	0.803967
0.240351	-8.63331
-6.78376	-2.73163
-0.29886	-8.07604
-6.57752	-6.09207
-6.42973	1.06023
0.124065	-10.1434
-10.7978	-13.0355
-13.1284	4.45916
3.80448	-16.6059
-14.1714	-2.5684
-2.61953	-9.72743
-11.1003	-2.20359
-1.18146	1.06086
1.04146	-7.6667
-7.47037	-5.4875
-5.25802	-0.210291
-3.49188	-8.6725
-4.70185	-10.9702
-11.2784	1.96896
1.58838	-6.99946
-10.885	-10.2087
-13.8639	4.57059
3.75033	-6.78473
-8.82075	1.31229
0.987648	-0.670644
-3.84126	0.942033
7.95236	-1.96597
-3.61542	-4.56035
-5.91082	-2.38533
-3.13519	-22.5557
-24.9716	-6.17776
-6.62315	-12.9936
-15.701	-3.65974
-4.42651	-6.4123
-6.34575	-4.19524
2.61221	1.09817
1.28583	8.48082
-3.15008	-0.870749
5.35808	-7.0098
-1.23118	-5.18788
-0.197579	0.181809
7.34537	-20.3818
-23.2318	-9.88042
-8.47352	-5.77162
-4.92727	-3.1106
-3.73314	-4.36856
-5.45049	-0.337283
2.67303	-4.80257
-4.47301	-4.08811
-0.42591	-3.989
1.97667	-4.60591
-10.015	-13.2255
-19.0575	-0.554184
2.23124	-11.6962
-10.42	-1.54229
-2.95456	-13.9112
-14.5784	-2.04514
-0.908888	3.2192
5.74303	-15.6593
-11.2795	3.23044
-5.069	-3.15886
-0.374297	-0.434089
-1.88935	-16.4278
-4.38898	-22.4179
-16.4093	-9.48915
-10.4483	-2.61132
-6.60636	-5.39137
-2.68092	-7.27911
-7.35986	3.86863
3.46681	-1.07278
-1.04047	-10.8642
-9.46008	2.66174
0.707541	-7.85436
-3.44035	-5.34511
-3.04503	-4.4342
-5.59276	-8.23796
-7.46206	6.98154
7.36982	-13.3498
-11.917	0.692578
-1.67296	-13.4799
-8.10736	-7.34275
-8.33906	9.3302
8.38207	-9.16666
-9.20317	-3.73718
-3.40653	-6.96782
-5.95126	-4.06821
-5.54451	-4.059
-3.811	-12.4332
-11.8537	-15.8325
-15.3133	-6.61775
-5.13774	-6.67247
-6.79196	-17.9808
-17.1604	2.81523
1.25647	2.26567
4.02084	1.40979
-0.909885	-5.59407
-4.41152	-4.56004
-4.44955	1.11447
0.491813	-4.47275
-5.20647	-19.9052
-21.3815	-7.89496
-6.48739	-3.19812
-3.65938	-8.90494
-11.4086	-4.70419
-8.81143	0.0367964
-1.68943	1.84146
-2.18939	-8.72799
-6.84796	-5.50377
-3.46273	0.108192
-0.409345	-6.85
-5.5173	-3.58539
-2.33007	-4.80792
-3.53331	2.32079
3.23597	-11.3772
-6.08539	-6.66257
-1.6673	-4.7402
4.01547	-1.2543
10.9759	-5.97804
-1.93366	-8.48981
-1.32656	-4.82054
-5.67463	-3.65276
1.14025	-10.635
-4.76365	-6.84937
-7.01802	-19.9075
-19.881	-5.7588
-3.46819	-10.3987
-10.3345	-3.48549
-5.32644	-7.33329
-7.73138	-2.46035
0.848604	-1.06427
1.87221	-10.0175
-9.46514	-6.35743
-8.16665	-7.14252
-7.19977	-1.65764
-1.16864	-6.44347
-6.87944	-23.5847
-19.8277	0.726213
0.380764	-15.4859
-17.9759	-8.03018
-6.04613	1.01761
-5.21822	-1.37791
-7.7096	-4.21907
-3.28879	-9.01012
-4.54685	-4.48971
-1.80429	2.17124
2.81904	1.81738
-1.0142	-7.38615
-9.8541	-9.57662
-12.5777	0.193832
4.65555	-25.2614
-21.9842	-9.18255
-11.1079	-0.835331
-2.48306	-5.1246
-3.80311	-4.1778
-1.72436	-6.4723
-2.00271	-1.38401
-4.01916	-2.23963
-3.16567	-4.42782
-2.40177	-5.08379
-9.52062	-1.39934
0.259299	4.54041
-1.25709	1.87953
1.71606	-3.12556
-1.44573	-8.41071
-6.54679	1.10264
3.14011	4.83968
-1.29881	4.341
2.34429	-3.98883
-3.54419	-4.44293
-2.14205	-11.6311
-13.4495	-2.43165
-2.32556	-10.9886
-15.2228	-10.7134
-4.1591	-9.22464
-8.87284	-2.34646
0.478627	-3.16979
-6.78573	-7.61184
-7.59582	8.91143
8.53687	-1.33015
1.97902	-6.29239
-7.09313	0.497508
-2.81939	-4.37151
-3.75031	-17.7646
-16.7939	-13.8982
-12.7643	0.681853
0.651122	-6.09162
-1.53875	0.101102
-8.46561	1.01521
4.31775	6.18093
10.1409	10.7579
15.2096	-5.41084
-8.982	-0.855961
-0.580711	3.28675
-5.59337	-10.7367
-1.6057	-13.6222
-15.3042	-14.5459
-15.2686	1.04903
0.810781	-3.85037
-1.57594	-2.50303
-8.2857	-0.0358308
-2.22475	-5.62299
-5.26741	-4.53148
-4.65149	2.63386
-19.634	-14.4434
-15.3602	0.229374
1.73316	2.2695
-4.87187	-2.97589
-10.3293	-1.65505
2.58114	-0.460524
-0.387135	3.81902
-0.199242	-3.99355
-0.374118	-6.20542
-2.27836	-7.47728
-7.28584	-3.69744
-4.70082	-8.07835
-8.49557	-22.0906
-22.4256	-2.08091
-5.09146	-11.3424
-10.1873	-5.30154
-4.44521	-4.86984
-8.78182	1.36097
-0.498543	6.19549
5.84143	-2.90441
-1.194	5.1699
5.08299	-9.71211
-9.10403	5.71363
6.20332	-4.46046
-5.02873	-6.70923
-6.04576	-4.85822
-4.86364	-1.69364
-2.83632	-16.2513
-18.2076	-15.2478
-8.45576	1.51656
-3.09381	-3.331
-0.66805	0.0828405
-0.465693	0.719195
2.45337	-2.59543
-3.25126	0.930278
0.579992	-14.848
-14.6295	-0.798241
-2.82225	0.0749641
2.15686	-22.432
-23.1351	-9.26986
-10.4658	-8.03417
-14.8145	8.0888
9.12058	-2.99414
0.463609	-10.1908
-15.0545	4.18552
8.37005	-4.87049
-8.55401	1.80184
1.50909	-4.01849
-3.08016	-8.76438
-9.07152	4.12895
2.02909	-11.184
-9.9379	-10.9186
-10.5086	0.539016
0.976181	-0.704429
-0.591181	-9.48046
-7.79475	-4.6835
-3.50879	-2.33159
-3.23852	-7.91301
-7.72097	4.22475
4.04311	-7.67458
-6.36951	-13.424
-9.73993	-6.25307
-5.50191	-9.63265
-11.4693	-11.2576
-13.3003	5.76652
2.16443	0.375872
-8.83377	0.506219
-4.30183	0.61435
0.351664	-9.24213
-3.71655	-4.7374
-1.5926	1.95436
1.51154	-21.3097
-14.9688	-12.6221
-7.76669	-1.75097
-1.31954	-8.0538
-11.771	1.32701
4.86649	-20.4021
-20.8519	-6.67108
-8.80008	-0.271323
-0.105242	-8.02546
-9.35807	6.22278
7.48597	-9.62188
-6.50817	-6.80696
-8.24179	-10.4068
-12.9548	-8.24114
-11.655	-2.44114
3.13941	-1.43165
-8.45789	-3.62383
-7.49058	-4.51724
-5.82225	5.33515
6.68149	-3.67963
-4.14232	-7.94829
-6.9171	2.36337
5.5106	-3.68423
-3.49754	-5.08362
-3.62198	-19.9442
-19.9995	-13.2597
-12.6388	-6.82701
-1.82747	-6.53467
-3.08267	-0.141551
4.14966	-8.88142
-5.1274	7.94612
8.22707	-7.01605
-5.59144	-7.2447
-6.7729	4.95769
6.47307	-4.09453
-11.0124	-3.05586
-2.30621	-7.29593
-9.51613	-7.63519
-10.076	-1.18005
-1.15835	-6.69167
-5.15858	-8.61929
-6.34591	-1.81787
-2.06792	2.20817
2.79308	0.427468
-6.25872	-1.69918
5.46641	-0.496532
-1.64805	-11.8525
-11.9537	1.72034
-4.54711	-5.0796
-4.12671	-11.8296
-10.7812	4.05588
3.16454	-18.3913
-18.5829	1.03389
-3.64033	-15.29
-16.9435	6.02285
1.74691	-2.27322
-8.8528	-3.98467
-0.18187	-4.06879
-6.02761	-2.97861
-8.63007	0.806172
-1.42049	-16.1788
-17.4674	-5.44101
-10.3564	-1.39379
-1.35402	-2.64108
-2.5494	-4.11756
1.24444	-2.92113
-4.04669	-1.39666
-1.56019	1.46781
2.37067	-12.1375
-11.9865	-0.648925
-2.94486	-2.17877
0.141959	-4.73711
-3.75997	-2.03784
-0.335515	-14.0844
-6.80397	-6.18568
-0.206956	-6.97952
2.12262	-7.19809
-10.1963	2.8052
1.4981	-12.8748
-1.26373	-2.03607
-5.50368	-2.79257
2.8529	-7.91081
-8.27459	-3.41409
-2.46029	3.54813
3.55621	-25.5346
-18.1829	-10.5954
-6.55129	-2.38676
-2.14063	-11.4868
-11.9473	-7.437
-8.41602	-0.8904
0.185915	-2.71937
-5.98956	-2.11047
0.467753	-12.8279
-15.7057	7.40738
6.55675	-6.02292
-5.79771	-6.33062
-7.81999	-5.93288
-7.86091	-18.7833
-19.3531	0.148869
-1.41923	-6.13561
-4.33614	-4.92797
-2.54016	-3.69991
-3.31234	0.179663
0.75402	-2.40053
-1.72881	-13.158
-12.7017	-0.185837
-0.472944	-2.57873
-1.06813	-2.75626
-4.10656	-5.74146
-3.96463	-7.69724
-6.08516	-4.53125
-5.86922	-9.24625
-5.37484	-6.4372
-3.21473	-2.9931
-5.17461	12.5862
7.02529	-12.7349
-12.7756	-3.44598
-1.06225	-1.71814
-20.9168	-10.5569
-12.9095	1.16085
5.76182	-2.83493
-3.92634	-4.32546
-4.02327	0.406623
-4.22766	-1.44817
0.478378	0.103156
0.92887	-10.3799
-7.40466	0.939921
1.40884	-10.4188
-9.13137	-0.0512526
-1.14548	-6.3864
-7.02416	-8.20352
-5.01046	5.78377
4.99251	-11.1494
-9.05577	-7.58194
-6.42831	-4.97345
-8.3253	3.89072
3.04192	-3.54843
0.379047	-12.4017
-11.1604	-2.63903
0.818533	-3.92585
-3.89358	-3.28246
-4.37563	-5.48227
-6.06169	-9.12862
-7.83828	4.90637
2.43435	-4.0839
-9.65959	-11.7193
-16.4465	-1.45632
2.71624	3.06559
3.57543	-4.03078
-2.51767	-9.64714
-7.67254	2.24773
3.11265	-9.59663
-8.30443	0.20647
1.66311	-5.41776
-3.32571	-8.75872
0.585012	-5.79238
-4.71574	-0.439534
0.0109601	-13.4904
-13.1834	10.9169
4.77979	-1.9961
3.6	-0.179895
-0.92233	1.30827
1.53074	1.21398
-3.19408	-0.548674
-3.39502	1.16307
-1.78132	-2.41683
-3.66883	-4.06403
-4.71951	3.36688
-1.75746	-9.44735
-4.99216	-3.59038
-4.23849	-10.3722
-7.80637	0.405255
1.85535	1.95625
-1.01513	-6.70459
-6.02742	-1.84296
-0.689033	-1.26697
-2.32141	-0.161153
-0.944263	-3.1579
-2.10002	-11.9103
-8.68007	2.4989
0.611817	-4.19637
-8.24564	-3.58884
-5.27056	-2.64226
4.2679	0.972309
3.89651	3.72402
0.102417	-0.271058
1.45314	-4.51877
-6.31004	-2.98909
-7.53398	2.67694
0.238876	-3.0184
-4.24881	-11.846
-6.12196	-3.58288
3.82033	-2.40798
-4.1162	-4.85796
-8.28194	-8.25732
-4.69703	-7.42047
-2.38553	0.929883
-3.04583	2.82151
6.5987	-0.573127
2.85965	-5.42164
-9.40975	-0.262288
-0.218536	-10.0966
-9.45565	-15.1056
-13.8775	2.84606
4.1676	-25.3397
-24.3397	-5.41546
-2.66764	-5.63464
-13.5838	-4.80212
-3.94959	-0.343261
-1.20664	-10.4186
-6.23604	0.480784
-3.51667	-6.20397
-3.02818	-0.985256
1.8244	-19.227
-18.7113	-6.48762
-12.0925	-7.28716
-3.06827	-5.36942
-9.75928	-3.71389
-9.83612	1.66233
-1.81502	0.589685
1.0019	-7.37122
-6.6965	-1.53503
-2.60715	-1.83747
-1.44576	-1.92932
0.0795082	-6.52884
-6.62041	-7.83699
-8.24354	-20.0176
-19.0464	-5.76207
-4.27217	-8.92666
-10.8193	-7.65799
-6.80776	-1.60234
-1.25818	-6.45295
-7.22508	-0.146684
2.11948	-2.30761
-4.4559	-2.73167
3.66085	-8.95747
-9.64063	-6.81053
-6.68719	-3.00795
-1.77688	-4.15796
-0.524545	4.47762
1.42961	-8.82456
-6.89278	-3.69568
-3.95926	-5.77195
-7.28405	-5.39061
-4.36052	-16.3
-6.55812	-5.11576
-7.4543	4.69687
4.69634	-10.8252
-9.86708	1.22654
0.77051	-6.86
-7.59146	-18.9132
-11.5565	-1.6694
-0.380373	-15.409
-18.1848	-3.08913
-4.04207	-11.734
-10.6303	4.23198
0.766959	3.0644
4.43223	-2.09047
-3.59977	-4.6654
-3.45453	-3.93575
-1.33182	-3.71658
-2.59968	-6.11559
-6.46366	-19.3215
-20.0643	-6.20992
-5.17104	-7.70941
-9.65291	-2.59639
-3.9737	1.38155
1.96338	3.07878
0.904672	-0.349452
-2.35369	-11.9675
-6.93657	2.40717
3.29851	-10.2391
-8.35144	-1.99484
-6.62889	-8.28871
-9.27701	1.80093
2.06647	-10.8242
-11.4473	-12.8067
-14.8355	2.74651
2.78834	-14.048
-10.4753	-3.68887
-3.30805	-2.13791
-3.08962	-1.6151
-3.25105	-4.82356
-1.71212	-5.52646
-3.83551	-0.120624
-1.54386	-7.32979
-8.69088	-18.2843
-17.0175	-1.31374
-6.58004	-9.42087
-14.1603	-3.95538
-5.84624	-12.576
-4.95057	6.24201
4.46332	0.263805
1.57736	-16.4302
-14.39	-2.95482
-5.07927	-7.50877
-9.02999	-2.32197
-3.0592	-3.26118
-4.01685	-10.8501
-11.8296	0.114122
3.18401	-13.9454
-12.43	0.439904
-0.530366	-15.1275
-13.0483	0.915051
-1.99401	-4.22138
1.85998	-8.77348
-8.29197	3.06957
5.54831	-4.28017
-2.40831	-9.83755
-8.16515	-12.8483
-14.2814	2.89065
1.17868	-3.58268
-1.89499	-20.4987
-18.8958	-7.50054
-10.6184	2.24271
1.83755	-0.545139
2.3072	-5.5244
-5.63051	-3.83691
-0.766629	7.11599
4.78999	-2.36563
-0.845178	-5.39598
-9.06421	-22.3582
-24.5421	-6.90861
-10.7138	-8.91369
-8.90545	-11.4077
-5.55371	-12.0045
-10.0597	-4.15058
-1.56408	19.4455
10.3768	-0.257796
-1.59075	-0.737507
-3.74513	-1.27395
-2.29189	-2.52484
-2.23101	-1.77191
-1.44955	-4.45792
-6.32866	-9.91812
-6.00001	0.568201
3.63843	-12.8826
-15.1146	-8.53415
-5.91469	-7.20962
-8.6058	-6.89309
-8.30627	2.50213
2.11121	-1.06568
0.0495451	-1.66479
-1.18315	-3.51655
-3.3933	-3.5613
-2.08808	-11.91
-10.3748	-9.55276
-10.156	-0.152421
-1.75756	-20.5214
-15.7562	-11.0771
-14.902	-4.04891
0.375844	2.16231
3.10696	5.2005
1.27923	-0.695526
-5.44062	-6.20556
2.2828	0.871192
-2.66759	5.67298
-3.97604	-16.4056
-12.6921	1.85592
-1.14745	-1.994
-5.85901	-17.486
-22.1494	-1.23002
-3.31237	-7.31295
-6.63856	-4.03303
-4.59246	2.77149
-2.32417	1.47819
6.00755	1.17118
3.77832	-0.000686251
-3.25532	-6.78433
2.49899	-13.3801
-13.8901	-13.8845
-13.87	3.6835
-0.165399	-3.0383
-3.0071	3.21889
-2.65193	-1.81265
-4.48233	-5.78027
-2.29159	-10.9276
-2.11104	-7.44242
-15.6637	-5.48422
-6.69023	-3.74072
5.47389	-1.84097
2.4238	-14.0912
-13.0188	-17.2124
-16.3261	-1.66869
-0.38593	-5.38029
-0.126018	-4.55835
-5.84027	1.70368
-1.02745	-3.40449
-3.51877	-3.36619
-6.37662	1.43704
